バージョン,タイトル,BEGINNER EXスコア,BEGINNER DJName,BEGINNER 都道府県,NORMAL EXスコア,NORMAL DJName,NORMAL 都道府県,HYPER EXスコア,HYPER DJName,HYPER 都道府県,ANOTHER EXスコア,ANOTHER DJName,ANOTHER 都道府県,LEGGENDARIA EXスコア,LEGGENDARIA DJName,LEGGENDARIA 都道府県
1st&substream,THE EARTH LIGHT,0,,-,787,04*,東京都,987,RYOTA,東京都,1162,NIKE.,東京都,0,,-
1st&substream,RUGGED ASH,0,,-,370,04*,東京都,401,T-GEL*,東京都,1102,557,東京都,2064,DINASO,東京都
1st&substream,R3,0,,-,656,04*,東京都,728,IROHA*,東京都,908,DINASO,東京都,0,,-
1st&substream,PARANOIA MAX～DIRTY MIX～,0,,-,558,BAN-ZO,東京都,742,MONOKO,東京都,1121,NIKE.,東京都,0,,-
1st&substream,Macho Gang,0,,-,381,*NNK*,東京都,1036,ALC-P.,東京都,1666,DINASO,東京都,0,,-
1st&substream,KEEP ON MOVIN',0,,-,196,04*,東京都,244,04*,東京都,0,,-,0,,-
1st&substream,GRADIUSIC CYBER,0,,-,883,04*,東京都,973,HINANO,東京都,1211,DINASO,東京都,0,,-
1st&substream,gentle stress,0,,-,344,04*,東京都,676,MONOKO,東京都,1454,MIKAMO,東京都,0,,-
1st&substream,GENOM SCREAMS,0,,-,420,04*,東京都,818,TOSHI,東京都,1071,NIKE.,東京都,0,,-
1st&substream,GAMBOL,0,,-,274,04*,東京都,274,LEONE,東京都,0,,-,0,,-
1st&substream,Dr.LOVE,0,,-,406,04*,東京都,512,WLEN7,東京都,580,DINASO,東京都,0,,-
1st&substream,deep in you,0,,-,496,04*,東京都,502,IROHA*,東京都,665,DINASO,東京都,0,,-
1st&substream,5.1.1.,0,,-,198,405,東京都,1022,8$.,東京都,1572,NIKE.,東京都,0,,-
1st&substream,22DUNK,0,,-,528,04*,東京都,645,1048,東京都,658,DINASO,東京都,0,,-
2nd style,SP-TRIP MACHINE(for beatmania II),0,,-,500,KHNTCY,東京都,615,MA2RI,東京都,646,M,東京都,0,,-
2nd style,PUT YOUR FAITH IN ME(for beatmania II),0,,-,566,1SE,東京都,862,1048,東京都,0,,-,0,,-
2nd style,Indigo Vision(full flavour hide around mix),0,,-,880,*SHO5*,東京都,1081,TA-1K1,東京都,1232,MIKAMO,東京都,0,,-
2nd style,I Was The One,0,,-,539,04*,東京都,641,BILL,東京都,695,DINASO,東京都,0,,-
2nd style,Electro Tuned(the SubS mix),0,,-,730,R-O,東京都,926,8KELCH,東京都,1070,1048,東京都,0,,-
2nd style,Digital MinD(A/T Libra mix),0,,-,682,SANRYU,東京都,1006,CNN,東京都,1131,DINASO,東京都,0,,-
2nd style,.59,0,,-,715,04*,東京都,1001,IROHA*,東京都,1162,MIKAMO,東京都,0,,-
3rd style,THE SAFARI,364,TETU,東京都,1167,MOMOPU,東京都,1784,1048,東京都,0,,-,0,,-
3rd style,Tangerine Stream,0,,-,282,04*,東京都,396,DINASO,東京都,0,,-,0,,-
3rd style,Skyscraper,0,,-,740,04*,東京都,1169,IROHA*,東京都,1257,DINASO,東京都,0,,-
3rd style,Schlagwerk,0,,-,747,MARI*2,東京都,1325,DINASO,東京都,1694,NIKE.,東京都,0,,-
3rd style,REINCARNATION,0,,-,814,MINK,東京都,1020,IROHA*,東京都,1278,1048,東京都,0,,-
3rd style,R5,0,,-,773,04*,東京都,1166,DICE,東京都,1776,DINASO,東京都,0,,-
3rd style,Presto,0,,-,543,04*,東京都,988,PICO,東京都,1014,NIKE.,東京都,0,,-
3rd style,LEADING CYBER,0,,-,857,04*,東京都,1170,IROHA*,東京都,1288,DINASO,東京都,0,,-
3rd style,Holic,0,,-,783,04*,東京都,1235,PICO,東京都,1739,MIKAMO,東京都,0,,-
3rd style,era (nostalmix),0,,-,842,WATAME,東京都,1085,TOSHI,東京都,1558,NIKE.,東京都,0,,-
3rd style,Don't Stop!,0,,-,775,04*,東京都,832,MONOKO,東京都,906,DINASO,東京都,0,,-
3rd style,CAN'T STOP FALLIN'IN LOVE,0,,-,618,04*,東京都,1262,1048,東京都,0,,-,0,,-
4th style,Voltage (feat. Hidemaru),0,,-,908,8KELCH,東京都,1246,DINASO,東京都,1338,DINASO,東京都,0,,-
4th style,SWEET LAB,0,,-,554,04*,東京都,944,CUFFS,東京都,1377,MIKAMO,東京都,0,,-
4th style,starmine,445,TETU,東京都,908,LEONE,東京都,1431,DINASO,東京都,1596,DINASO,東京都,0,,-
4th style,Mr.T.(take me higher),0,,-,797,SANRYU,東京都,989,MIRA*,東京都,1767,EXIT,東京都,0,,-
4th style,minimalian,0,,-,541,04*,東京都,1085,NESS,東京都,1411,PICO,東京都,0,,-
4th style,LOVE WILL・・・,0,,-,558,04*,東京都,750,WLEN7,東京都,1463,NIKE.,東京都,0,,-
4th style,KAMIKAZE,0,,-,962,MINK,東京都,1447,KOO,東京都,2305,NIKE.,東京都,0,,-
4th style,Jam&Marmalade,0,,-,769,04*,東京都,862,R-O,東京都,1023,NIKE.,東京都,0,,-
4th style,Hitch Hiker2,0,,-,840,PICO,東京都,1176,8KELCH,東京都,1323,DINASO,東京都,1946,NIKE.,東京都
4th style,HIGHER,0,,-,539,04*,東京都,914,MONOKO,東京都,1281,1048,東京都,0,,-
4th style,FLOWERS for ALBION,0,,-,238,CHIZ-R,東京都,444,MIKAMO,東京都,0,,-,0,,-
4th style,era (step mix),0,,-,1111,04*,東京都,1408,SHINPO,東京都,1740,NIKE.,東京都,0,,-
4th style,empathy,0,,-,792,MINK,東京都,1294,CUBE,東京都,1481,MIKAMO,東京都,0,,-
4th style,DXY!,0,,-,1281,1048,東京都,1828,D1,東京都,2288,DINASO,東京都,0,,-
4th style,Clione,0,,-,527,04*,東京都,927,DBJACK,東京都,1620,NIKE.,東京都,2189,MIKAMO,東京都
4th style,CHECKING YOU OUT,0,,-,628,MASIMO,東京都,941,HUYU,東京都,1368,PICO,東京都,0,,-
4th style,Burnin' The Floor,0,,-,584,04*,東京都,938,MONOKO,東京都,1442,NIKE.,東京都,0,,-
4th style,Broken My Heart,0,,-,936,04*,東京都,1482,KOO,東京都,1825,DINASO,東京都,0,,-
4th style,B4U,0,,-,1011,8KELCH,東京都,1522,E.S.T.,東京都,2021,MIKAMO,東京都,0,,-
4th style,ABSOLUTE,0,,-,1316,MASIMO,東京都,1806,TIKTOK,東京都,2418,NIKE.,東京都,2794,8$.,東京都
4th style,250bpm,0,,-,652,MINK,東京都,966,DBJACK,東京都,1438,DINASO,東京都,0,,-
5th style,V,342,WLEN7,東京都,1283,04*,東京都,2495,*SHO5*,東京都,3022,NIKE.,東京都,0,,-
5th style,THE SHINING POLARIS,0,,-,915,QL.,東京都,1296,GALAN,東京都,1595,MIKAMO,東京都,0,,-
5th style,THE CUBE,0,,-,741,04*,東京都,1284,EXIT,東京都,1356,DICE,東京都,0,,-
5th style,sync,0,,-,1052,FIDBIY,東京都,1846,ELAIZA,東京都,2402,MIKAMO,東京都,0,,-
5th style,still my words,0,,-,925,04*,東京都,1236,MIKAMO,東京都,0,,-,0,,-
5th style,STILL IN MY HEART,0,,-,952,KO-JI.,東京都,1312,TIKTOK,東京都,1932,DINASO,東京都,0,,-
5th style,Spin the disc,0,,-,794,8KELCH,東京都,1307,DINASO,東京都,1343,NAGACH,東京都,0,,-
5th style,sometime,0,,-,782,04*,東京都,1037,CUFFS,東京都,1337,DINASO,東京都,0,,-
5th style,RISLIM,0,,-,885,MINK,東京都,1235,DICE,東京都,0,,-,0,,-
5th style,RIDE ON THE LIGHT (HI GREAT MIX),0,,-,900,04*,東京都,1058,APEC,東京都,1723,DINASO,東京都,1852,NIKE.,東京都
5th style,Regulus,0,,-,1053,04*,東京都,1475,MIRA*,東京都,1748,DINASO,東京都,0,,-
5th style,Real,0,,-,1070,WATAME,東京都,1599,DBJACK,東京都,1834,NIKE.,東京都,0,,-
5th style,Radical Faith,0,,-,1116,MINK,東京都,1524,557,東京都,1315,MIKAMO,東京都,0,,-
5th style,QQQ,0,,-,1185,MINK,東京都,1830,TRI2TY,東京都,2177,DINASO,東京都,0,,-
5th style,outer wall,0,,-,882,MINK,東京都,1348,-DO96-,東京都,1783,MIKAMO,東京都,0,,-
5th style,LOVE AGAIN TONIGHT～for Mellisa mix～,0,,-,764,04*,東京都,946,ELAIZA,東京都,1117,M*,東京都,0,,-
5th style,in my eyes,0,,-,933,MINK,東京都,1450,-DO96-,東京都,1593,1048,東京都,0,,-
5th style,Abyss,0,,-,1232,MINK,東京都,1570,ELAIZA,東京都,1886,NIKE.,東京都,0,,-
6th style,こっちを向いてよ,0,,-,822,YS63,東京都,1221,ARIOSO,東京都,1384,EXIT,東京都,0,,-
6th style,VJ ARMY,0,,-,1255,TETU,東京都,1702,TETU,東京都,2268,DINASO,東京都,0,,-
6th style,Take It Easy,0,,-,1341,SANRYU,東京都,2387,DICE,東京都,2544,NIKE.,東京都,0,,-
6th style,Summer Vacation(CU mix),0,,-,1234,MASIMO,東京都,1871,MIKAMO,東京都,0,,-,0,,-
6th style,SOMETHING WONDERFUL,0,,-,919,TETU,東京都,1336,TETU,東京都,2001,1048,東京都,0,,-
6th style,route 80s,0,,-,828,SANRYU,東京都,1149,DBJACK,東京都,1531,DINASO,東京都,0,,-
6th style,rottel-da-sun,0,,-,819,04*,東京都,1367,SUBARU,東京都,1867,DINASO,東京都,0,,-
6th style,NEMESIS,0,,-,988,WLEN7,東京都,1533,DBJACK,東京都,1929,MIKAMO,東京都,0,,-
6th style,Linus,0,,-,976,04*,東京都,1534,MIRA*,東京都,2206,MIKAMO,東京都,0,,-
6th style,L'amour et la liberte,0,,-,990,TETU,東京都,1615,DINASO,東京都,2043,RAQUEL,東京都,0,,-
6th style,G2,0,,-,1436,DIST,東京都,1751,LLDX,東京都,2353,NIKE.,東京都,0,,-
6th style,Frozen Ray (original mix),0,,-,1252,ASA,東京都,1757,KSANTE,東京都,1812,NIKE.,東京都,0,,-
6th style,Free Style,0,,-,882,MASIMO,東京都,1025,ELAIZA,東京都,1319,557,東京都,0,,-
6th style,fly through the night,0,,-,838,SANRYU,東京都,1287,KBTIT,東京都,1722,DINASO,東京都,0,,-
6th style,DIVE ～INTO YOUR HEART～,0,,-,1253,EKS,東京都,1829,NESS,東京都,2122,DINASO,東京都,0,,-
6th style,Colors (radio edit),0,,-,1413,DBJACK,東京都,1954,E.S.T.,東京都,2466,DINASO,東京都,0,,-
6th style,Buffalo,0,,-,989,MASIMO,東京都,1422,MASIMO,東京都,1834,DINASO,東京都,2526,NAGACH,東京都
6th style,Blueberry Stream,0,,-,842,04*,東京都,1404,ELAIZA,東京都,1676,DINASO,東京都,0,,-
6th style,BALLAD FOR YOU～想いの雨～,0,,-,579,KHNTCY,東京都,753,ELAIZA,東京都,1071,M*,東京都,0,,-
6th style,"19,November",0,,-,1083,MASIMO,東京都,1371,EKS,東京都,1815,NIKE.,東京都,0,,-
7th style,革命,0,,-,763,04*,東京都,1928,GEORGE,東京都,2347,MIKAMO,東京都,0,,-
7th style,ZERO-ONE,0,,-,1065,DIST,東京都,1721,M,東京都,2255,NIKE.,東京都,2877,DINASO,東京都
7th style,traces,0,,-,1465,EKS,東京都,1878,MASSU,東京都,2161,DINASO,東京都,0,,-
7th style,Tomorrow Perfume,0,,-,1306,04*,東京都,1823,ARIOSO,東京都,2165,DINASO,東京都,0,,-
7th style,stoic,0,,-,1671,DIST,東京都,2394,AYAK-S,東京都,2585,8$.,東京都,0,,-
7th style,Spica,0,,-,654,04*,東京都,1530,557,東京都,2296,557,東京都,0,,-
7th style,Somebody Like You,0,,-,750,LEONE,東京都,1193,DUXY.,東京都,1843,MIKAMO,東京都,0,,-
7th style,MAX 300,0,,-,1106,TETU,東京都,1905,DICE,東京都,2824,RENNE,東京都,0,,-
7th style,Love Me Do,0,,-,1101,BAN-ZO,東京都,1693,39NYAN,東京都,2116,NIKE.,東京都,0,,-
7th style,Let the Snow Paint Me,0,,-,814,MA2RI,東京都,1038,MONOKO,東京都,1243,TAKMI,東京都,0,,-
7th style,Last Message,0,,-,1020,04*,東京都,1273,BILL,東京都,1633,DINASO,東京都,0,,-
7th style,Happy Wedding,0,,-,1139,BAN-ZO,東京都,1696,HUYU,東京都,1870,NIKE.,東京都,0,,-
7th style,Glorious Days,0,,-,511,WLEN7,東京都,816,1048,東京都,915,MIKAMO,東京都,0,,-
7th style,foreplay,0,,-,660,BILL,東京都,1140,KBTIT,東京都,1360,DINASO,東京都,0,,-
7th style,DESTINY,0,,-,1041,MASIMO,東京都,1359,DIST,東京都,1848,NIKE.,東京都,0,,-
7th style,D2R,0,,-,977,M,東京都,1298,8KELCH,東京都,1641,DINASO,東京都,0,,-
7th style,Cheer Train,0,,-,866,SANRYU,東京都,1109,ELAIZA,東京都,1753,NIKE.,東京都,0,,-
7th style,Burning Heat! (Full Option Mix),0,,-,665,R-O,東京都,942,KOO,東京都,1504,MIKAMO,東京都,0,,-
7th style,Bad Routine,0,,-,1035,04*,東京都,1352,MASIMO,東京都,1925,NIKE.,東京都,0,,-
7th style,AVE DE RAPINA,0,,-,1339,EIEIEI,東京都,1726,HUYU,東京都,1850,MIKAMO,東京都,0,,-
7th style,A,0,,-,1207,BAN-ZO,東京都,2154,ENMT!!,東京都,2497,DINASO,東京都,0,,-
8th style,蒼い衝動,0,,-,935,04*,東京都,1289,MAINAH,東京都,1604,NIKE.,東京都,0,,-
8th style,桜,0,,-,1034,F.KTN,東京都,1556,DICE,東京都,2189,MIKAMO,東京都,0,,-
8th style,xenon,0,,-,1092,MASIMO,東京都,1630,SYOMO7,東京都,2747,1048,東京都,0,,-
8th style,World Wide Love,0,,-,694,MA2RI,東京都,1037,MONOKO,東京都,1118,405,東京都,0,,-
8th style,WAR GAME,0,,-,955,WATAME,東京都,1543,CHARC3,東京都,2152,DINASO,東京都,0,,-
8th style,thunder,0,,-,1183,MASSU,東京都,1590,NESS,東京都,1906,TETSUO,東京都,0,,-
8th style,symbolic,0,,-,1352,KO-JI.,東京都,1805,MIRA*,東京都,2265,DINASO,東京都,0,,-
8th style,rainbow flyer,0,,-,815,EQLOVE,東京都,1565,MIRA*,東京都,2148,1048,東京都,0,,-
8th style,PLEASE DON'T GO,0,,-,1000,04*,東京都,1337,ARIOSO,東京都,2474,MIKAMO,東京都,0,,-
8th style,MUSIC TO YOUR HEAD,0,,-,771,MASIMO,東京都,1395,T,東京都,1695,MIKAMO,東京都,0,,-
8th style,murmur twins,0,,-,1132,04*,東京都,1686,KT4ER1,東京都,2403,8$.,東京都,0,,-
8th style,Monkey Dance,0,,-,820,04*,東京都,1344,GALAN,東京都,1992,1048,東京都,0,,-
8th style,memories,0,,-,1071,BAN-ZO,東京都,2044,MIRA*,東京都,2293,TETSUO,東京都,0,,-
8th style,Luv 2 Feel Your Body,0,,-,851,TETU,東京都,1046,AMHQ,東京都,1667,8$.,東京都,0,,-
8th style,LOVE IS ORANGE,0,,-,787,IKKI,東京都,1014,MASIMO,東京都,1806,NIKE.,東京都,2114,NIKE.,東京都
8th style,LAB,0,,-,1058,04*,東京都,1888,IIDX31,東京都,2139,NIKE.,東京都,0,,-
8th style,HYPER BOUNDARY GATE,0,,-,1273,TETU,東京都,1911,TETU,東京都,2223,1048,東京都,0,,-
8th style,Halfway of promise,0,,-,955,RYU,東京都,1531,DICE,東京都,1863,DINASO,東京都,0,,-
8th style,Giudecca,0,,-,904,MASIMO,東京都,1907,SYOMO7,東京都,2720,MIKAMO,東京都,0,,-
8th style,dual control,0,,-,774,04*,東京都,1470,SHINPO,東京都,1913,MIKAMO,東京都,0,,-
8th style,Colors -Y&Co. Eurobeat Remix-,0,,-,1124,BILL,東京都,2019,-DO96-,東京都,2198,NIKE.,東京都,0,,-
8th style,CELEBRATE NITE,0,,-,936,04*,東京都,1171,KT4ER1,東京都,1426,DINASO,東京都,0,,-
8th style,Blame,0,,-,1056,OSARU!,東京都,1511,LLDX,東京都,1951,DINASO,東京都,0,,-
8th style,bit mania,0,,-,892,EXCEL,東京都,1270,BENZ.,東京都,1867,NIKE.,東京都,0,,-
8th style,Attitude,0,,-,1048,04*,東京都,1431,FUCHU,東京都,1758,1048,東京都,0,,-
8th style,ALL RIGHT,0,,-,889,04*,東京都,1297,NMB48,東京都,1629,DINASO,東京都,0,,-
8th style,airflow,0,,-,585,04*,東京都,781,KA2ME4,東京都,1436,1048,東京都,0,,-
8th style,abstract,0,,-,1242,SAIKAW,東京都,1595,MIRA*,東京都,1914,DINASO,東京都,0,,-
9th style,真夏の花・真夏の夢,0,,-,837,PICO,東京都,1183,KT4ER1,東京都,1490,557,東京都,0,,-
9th style,ライオン好き,0,,-,656,04*,東京都,1167,LASK,東京都,1507,MARU-N,東京都,0,,-
9th style,SWEETEST SAVAGE,0,,-,662,04*,東京都,1344,WLEN7,東京都,1843,8$.,東京都,0,,-
9th style,Sweet Sweet Magic,0,,-,1012,04*,東京都,1508,KANA,東京都,2059,MIKAMO,東京都,0,,-
9th style,STAR FIELD,0,,-,671,AMIAT-,東京都,1530,ZURUI,東京都,1893,NIKE.,東京都,0,,-
9th style,SNOW,0,,-,1045,04*,東京都,1311,8KELCH,東京都,2060,NIKE.,東京都,0,,-
9th style,Silvia Drive,0,,-,849,04*,東京都,1533,TOBARI,東京都,2088,DINASO,東京都,0,,-
9th style,rottel-the-Mercury,0,,-,1002,04*,東京都,1908,SUBARU,東京都,2274,NIKE.,東京都,0,,-
9th style,RISLIM -Remix-,0,,-,809,PICO,東京都,1011,PICO,東京都,1891,MIKAMO,東京都,0,,-
9th style,Really Love,0,,-,627,BAN-ZO,東京都,967,557,東京都,1781,MIKAMO,東京都,0,,-
9th style,Quickening,0,,-,947,04*,東京都,1665,UZ.W*,東京都,2116,MIKAMO,東京都,0,,-
9th style,quasar,0,,-,1158,04*,東京都,1781,-DO96-,東京都,2320,MIKAMO,東京都,0,,-
9th style,PARANOIA survivor MAX,0,,-,978,DICE,東京都,1309,Y13,東京都,2171,DINASO,東京都,0,,-
9th style,one or eight,0,,-,1316,8KELCH,東京都,1891,DICE,東京都,2302,DINASO,東京都,0,,-
9th style,moon_child,0,,-,1055,04*,東京都,1949,DICE,東京都,2565,557,東京都,0,,-
9th style,MARIA (I believe... ),0,,-,730,MA2RI,東京都,1555,DBJACK,東京都,1961,HORI,東京都,0,,-
9th style,Make A Difference,0,,-,873,04*,東京都,1635,HUYU,東京都,2272,NAGACH,東京都,0,,-
9th style,lower world,0,,-,1280,R-O,東京都,1822,LLDX,東京都,2270,1048,東京都,0,,-
9th style,LOVE SHINE,531,TETU,東京都,864,04*,東京都,1829,NANASE,東京都,2091,NIKE.,東京都,0,,-
9th style,Logic Board,0,,-,1049,TETU,東京都,1812,PICO,東京都,2344,MIKAMO,東京都,0,,-
9th style,lights,0,,-,691,MA2RI,東京都,1391,R-O,東京都,1809,DINASO,東京都,0,,-
9th style,Karma,0,,-,1306,04*,東京都,1647,MASSU,東京都,1844,DINASO,東京都,0,,-
9th style,I Was The One (80's EUROBEAT STYLE),0,,-,794,04*,東京都,1322,MASIMO,東京都,1452,557,東京都,0,,-
9th style,HYPER EUROBEAT (2DX style),0,,-,1105,04*,東京都,1635,NESS,東京都,1969,1048,東京都,0,,-
9th style,Golden Horn,0,,-,701,DBJACK,東京都,1255,GEORGE,東京都,1521,NIKE.,東京都,0,,-
9th style,fun,0,,-,599,KEGA,東京都,1039,ELAIZA,東京都,1885,U76NER,東京都,0,,-
9th style,e-motion 2003  -romantic extra-,0,,-,1317,04*,東京都,1535,CHIZ,東京都,1995,DINASO,東京都,0,,-
9th style,Distress,0,,-,1284,R-O,東京都,1868,DINASO,東京都,0,,-,0,,-
9th style,Cradle,0,,-,912,04*,東京都,1441,WLEN7,東京都,1602,PICO,東京都,0,,-
9th style,BRIGHTNESS DARKNESS,0,,-,695,SANRYU,東京都,1412,EKS,東京都,1774,1048,東京都,0,,-
9th style,bag,0,,-,928,04*,東京都,1194,MONOKO,東京都,1913,MARU-N,東京都,0,,-
9th style,BAD BOY BASS!! (dj Remo-con MIX),0,,-,933,04*,東京都,1390,MIRA*,東京都,1813,1048,東京都,0,,-
9th style,ATOMIC AGE,0,,-,364,WLEN7,東京都,662,TETU,東京都,1339,NIKE.,東京都,0,,-
9th style,ACT,0,,-,1056,04*,東京都,1676,MIRA*,東京都,1866,NIKE.,東京都,0,,-
9th style,Abyss -The Heavens Remix-,568,WLEN7,東京都,1468,TEN,東京都,1850,DICE,東京都,2374,8$.,東京都,0,,-
10th style,雪月花,0,,-,1271,PICO,東京都,1936,1048,東京都,2549,MIKAMO,東京都,0,,-
10th style,システムロマンス,0,,-,888,BILL,東京都,1757,KENDMA,東京都,2043,NIKE.,東京都,0,,-
10th style,SPACE FIGHT,0,,-,639,ZAQRO,東京都,1446,MASIMO,東京都,2262,DINASO,東京都,0,,-
10th style,SHOOTING STAR,0,,-,1250,04*,東京都,1628,NISE96,東京都,2282,NIKE.,東京都,0,,-
10th style,SCORE,0,,-,1186,LEONE,東京都,1571,TETU,東京都,2098,NIKE.,東京都,0,,-
10th style,Rise'n Beauty,0,,-,1281,04*,東京都,1639,TIKTOK,東京都,2181,DINASO,東京都,0,,-
10th style,rainbow rainbow,0,,-,1520,8KELCH,東京都,2270,DICE,東京都,2731,8$.,東京都,0,,-
10th style,pandora,0,,-,907,04*,東京都,1638,IROHA*,東京都,1857,NIKE.,東京都,0,,-
10th style,One More Lovely,0,,-,876,04*,東京都,1601,R1*MOB,東京都,2868,MIKAMO,東京都,0,,-
10th style,No.13,0,,-,1651,DIST,東京都,2674,DICE,東京都,3186,DINASO,東京都,0,,-
10th style,Narcissus At Oasis,0,,-,780,DINASO,東京都,1574,DICE,東京都,1671,MIKAMO,東京都,0,,-
10th style,Lucy,0,,-,967,04*,東京都,1700,MASIMO,東京都,2331,MIKAMO,東京都,0,,-
10th style,Love Is Eternity,0,,-,1073,GGME,東京都,1934,DIST,東京都,2419,DINASO,東京都,0,,-
10th style,Innocent Walls,0,,-,1583,DBJACK,東京都,2509,RENNE,東京都,2856,MIKAMO,東京都,0,,-
10th style,HIGH,0,,-,940,04*,東京都,1885,KBTIT,東京都,2171,NIKE.,東京都,0,,-
10th style,GRADIUS -FULL SPEED-,0,,-,709,HARU,東京都,1229,INARI,東京都,2132,MIKAMO,東京都,0,,-
10th style,GHOST REVIVAL,0,,-,924,04*,東京都,1998,MIRA*,東京都,2595,1048,東京都,0,,-
10th style,Freezing atmosphere,0,,-,829,PICO,東京都,1164,DINASO,東京都,1532,MIKAMO,東京都,0,,-
10th style,FEEL IT,0,,-,945,04*,東京都,1705,JUG,東京都,2016,NIKE.,東京都,0,,-
10th style,Feedback,0,,-,967,SANRYU,東京都,1583,DIST,東京都,1995,DINASO,東京都,0,,-
10th style,EXE,0,,-,896,PICO,東京都,1640,-DO96-,東京都,2260,DINASO,東京都,0,,-
10th style,DoLL,345,ALIMTA,東京都,954,04*,東京都,1226,DIST,東京都,1617,AL,東京都,0,,-
10th style,desolation,0,,-,490,04*,東京都,642,VWS-2,東京都,768,DICE,東京都,0,,-
10th style,Debtty Daddy,0,,-,1062,04*,東京都,1928,DBJACK,東京都,2729,1048,東京都,0,,-
10th style,Daisuke,472,RYU,東京都,1218,04*,東京都,1664,H1YU,東京都,2407,RIN,東京都,0,,-
10th style,CARRY ON NIGHT (English version),0,,-,988,MASIMO,東京都,1333,8KELCH,東京都,2069,MIKAMO,東京都,0,,-
10th style,Boundary,0,,-,864,KYONTA,東京都,1803,OY,東京都,2060,NIKE.,東京都,0,,-
10th style,Back Into The Light,0,,-,1156,DBJACK,東京都,1643,PE8NG,東京都,2172,MIKAMO,東京都,0,,-
10th style,BABY LOVE,0,,-,1189,04*,東京都,1640,8KELCH,東京都,2171,1048,東京都,0,,-
10th style,ASTRAL VOYAGE,0,,-,1009,04*,東京都,1386,DBJACK,東京都,1938,DINASO,東京都,0,,-
10th style,ALIEN TEMPLE,0,,-,948,SNGK,東京都,1665,KT4ER1,東京都,2036,DINASO,東京都,0,,-
10th style,1st Samurai,0,,-,1084,PICO,東京都,1954,DICE,東京都,2723,DINASO,東京都,0,,-
IIDX RED,ＵＬＴｉＭΛＴＥ,0,,-,952,04*,東京都,1441,AMIAT-,東京都,2011,1048,東京都,0,,-
IIDX RED,太陽～T・A・I・Y・O～,0,,-,833,04*,東京都,1378,ZURUI,東京都,1756,1048,東京都,0,,-
IIDX RED,大桟橋,0,,-,464,ANNIE,東京都,1117,ELAIZA,東京都,1871,MIKAMO,東京都,0,,-
IIDX RED,ピアノ協奏曲第１番”蠍火”,0,,-,834,04*,東京都,2156,557,東京都,2740,DINASO,東京都,0,,-
IIDX RED,Wonder Bullfighter,0,,-,925,8KELCH,東京都,1409,8KELCH,東京都,2085,8$.,東京都,0,,-
IIDX RED,The Hope of Tomorrow,0,,-,1034,R-O,東京都,1669,TIKTOK,東京都,1969,8$.,東京都,0,,-
IIDX RED,spiral galaxy,0,,-,1051,SO902I,東京都,1993,IIDX31,東京都,2604,1048,東京都,3784,1048,東京都
IIDX RED,Sphere,0,,-,1042,MASIMO,東京都,1889,SYOMO7,東京都,2211,1048,東京都,0,,-
IIDX RED,SPEEDY CAT,0,,-,1136,04*,東京都,1675,SHINPO,東京都,2050,1048,東京都,0,,-
IIDX RED,Secret of Love,0,,-,1093,04*,東京都,1417,8KELCH,東京都,2034,MIKAMO,東京都,0,,-
IIDX RED,RESONATE 1794,0,,-,931,04*,東京都,1429,ZURUI,東京都,1898,MIKAMO,東京都,0,,-
IIDX RED,RED ZONE,177,BAN-ZO,東京都,1106,RYU,東京都,1887,FOON,東京都,2354,EXIT,東京都,3110,DINASO,東京都
IIDX RED,Raspberry Heart(English version),0,,-,1053,04*,東京都,1528,RAINAG,東京都,1862,NIKE.,東京都,0,,-
IIDX RED,NEBULA GRASPER,0,,-,1271,KAMTEM,東京都,1915,NGS,東京都,2477,1048,東京都,0,,-
IIDX RED,KEY,0,,-,1095,DBJACK,東京都,1837,ELAIZA,東京都,2868,MIKAMO,東京都,0,,-
IIDX RED,HORIZON,0,,-,1086,04*,東京都,1523,DBJACK,東京都,1977,HORI,東京都,0,,-
IIDX RED,gigadelic,698,TETU,東京都,1471,MASSU,東京都,2211,DINASO,東京都,2571,DINASO,東京都,0,,-
IIDX RED,GENOCIDE,0,,-,1074,GAMBOL,東京都,2081,DICE,東京都,2420,557,東京都,0,,-
IIDX RED,Fly Away To India,0,,-,667,MA2RI,東京都,1061,ELAIZA,東京都,1416,557,東京都,0,,-
IIDX RED,FAKE TIME,0,,-,1009,NEMME*,東京都,1762,557,東京都,2396,8$.,東京都,0,,-
IIDX RED,earth scape,0,,-,441,EBI2,東京都,1002,LLDX,東京都,1280,DINASO,東京都,0,,-
IIDX RED,Don't be afraid myself,0,,-,1090,8KELCH,東京都,1875,-DO96-,東京都,2302,MIKAMO,東京都,0,,-
IIDX RED,D.A.N.C.E.!,0,,-,553,SANRYU,東京都,821,ELAIZA,東京都,1637,NIKE.,東京都,0,,-
IIDX RED,Close my Eyes for Me,0,,-,976,SANRYU,東京都,1450,SHINPO,東京都,1868,DINASO,東京都,0,,-
IIDX RED,Click Again,0,,-,861,SANRYU,東京都,1398,AKKK,東京都,2177,DINASO,東京都,0,,-
IIDX RED,BREATH,0,,-,883,CNN,東京都,1267,EKS,東京都,1744,NIKE.,東京都,0,,-
IIDX RED,BLOCKS,0,,-,760,R-O,東京都,1271,MASIMO,東京都,1988,DINASO,東京都,0,,-
IIDX RED,Be quiet,0,,-,1107,04*,東京都,1781,PICO,東京都,2221,MIKAMO,東京都,2864,DINASO,東京都
IIDX RED,awakening,0,,-,1046,R-O,東京都,1415,ARIOSO,東京都,1728,8$.,東京都,0,,-
IIDX RED,ANDROMEDA,0,,-,1007,WLEN7,東京都,1875,MASIMO,東京都,2887,1048,東京都,0,,-
IIDX RED,AGEHA,608,Y13,東京都,1060,04*,東京都,1685,MASIMO,東京都,1893,NIKE.,東京都,2454,MIKAMO,東京都
IIDX RED,AA,0,,-,1234,HINANO,東京都,2726,TOBARI,東京都,3639,DINASO,東京都,0,,-
HAPPY SKY,月光,0,,-,906,04*,東京都,1738,MASA,東京都,2486,1048,東京都,0,,-
HAPPY SKY,合体せよ！ストロングイェーガー！！ (Ryu☆ remix),0,,-,1111,DIST,東京都,1521,ALT,東京都,1935,DINASO,東京都,0,,-
HAPPY SKY,冥,584,TETU,東京都,1074,MASSU,東京都,2128,DICE,東京都,3910,MEG*,東京都,0,,-
HAPPY SKY,ラクエン,0,,-,732,04*,東京都,931,MASSU,東京都,2034,8$.,東京都,0,,-
HAPPY SKY,ヒマワリ,0,,-,568,04*,東京都,1810,IDECK,東京都,2082,MIKAMO,東京都,0,,-
HAPPY SKY,オレはビートマニア！お前は何マニア？,0,,-,816,04*,東京都,1435,MASIMO,東京都,1734,1048,東京都,0,,-
HAPPY SKY,Xepher,409,PICO,東京都,1132,04*,東京都,2149,DICE,東京都,3027,MIKAMO,東京都,0,,-
HAPPY SKY,We are Disっ娘よっつ打ち命,0,,-,671,04*,東京都,949,BILL,東京都,1671,MIKAMO,東京都,0,,-
HAPPY SKY,Votum stellarum,0,,-,815,04*,東京都,1623,MASIMO,東京都,2025,DINASO,東京都,0,,-
HAPPY SKY,vault of heaven,0,,-,772,MASIMO,東京都,1356,TEN,東京都,2015,NIKE.,東京都,0,,-
HAPPY SKY,Under the Sky,0,,-,910,04*,東京都,1381,7,東京都,1745,NIKE.,東京都,0,,-
HAPPY SKY,Twelfth Style,0,,-,1193,DBJACK,東京都,1481,MASIMO,東京都,2061,NIKE.,東京都,3309,MIKAMO,東京都
HAPPY SKY,Tizona d'El Cid,0,,-,932,R-O,東京都,1917,GEORGE,東京都,2344,MIKAMO,東京都,0,,-
HAPPY SKY,SigSig,668,P-TAN,東京都,1094,04*,東京都,1672,TEN,東京都,2610,8$.,東京都,0,,-
HAPPY SKY,Scripted Connection⇒ N mix,0,,-,1338,PE8NG,東京都,1642,DBJACK,東京都,2125,1048,東京都,0,,-
HAPPY SKY,Scripted Connection⇒ H mix,0,,-,1681,DIST,東京都,2041,NEFI,東京都,2534,1048,東京都,0,,-
HAPPY SKY,Scripted Connection⇒ A mix,0,,-,1627,MASIMO,東京都,2236,DICE,東京都,3133,MIKAMO,東京都,3463,MEG*,東京都
HAPPY SKY,SCREAM SQUAD,0,,-,1165,04*,東京都,1685,DICE,東京都,2113,MIKAMO,東京都,0,,-
HAPPY SKY,rage against usual,0,,-,1318,DBJACK,東京都,2066,DICE,東京都,2985,557,東京都,0,,-
HAPPY SKY,POODLE,0,,-,980,04*,東京都,1868,GEORGE,東京都,2309,NIKE.,東京都,3402,DINASO,東京都
HAPPY SKY,Pollinosis,0,,-,798,04*,東京都,1142,GEORGE,東京都,2535,DINASO,東京都,0,,-
HAPPY SKY,PLASMA,0,,-,956,04*,東京都,1662,AMIAT-,東京都,2287,1048,東京都,0,,-
HAPPY SKY,Pink Rose,0,,-,584,RYU,東京都,943,EKS,東京都,1414,NIKE.,東京都,2022,DINASO,東京都
HAPPY SKY,MOON RACE,0,,-,855,04*,東京都,1124,R1*MOB,東京都,1903,TETSUO,東京都,0,,-
HAPPY SKY,mind the gap,0,,-,759,PICO,東京都,1046,SHINPO,東京都,1650,RENNE,東京都,0,,-
HAPPY SKY,Love Magic,0,,-,1020,04*,東京都,1698,DBJACK,東京都,1976,NIKE.,東京都,0,,-
HAPPY SKY,Little Little Princess,0,,-,1106,04*,東京都,2184,DICE,東京都,2822,MIKAMO,東京都,3825,DINASO,東京都
HAPPY SKY,LESSON 5,0,,-,1232,KIRBY,東京都,1838,NESS,東京都,2509,DINASO,東京都,0,,-
HAPPY SKY,INAZUMA,0,,-,1121,DINASO,東京都,1760,MEME,東京都,2722,NEFI,東京都,0,,-
HAPPY SKY,in motion,0,,-,802,SANRYU,東京都,1056,ASH,東京都,1320,1048,東京都,0,,-
HAPPY SKY,I am,0,,-,1104,04*,東京都,1735,KIDMAN,東京都,2187,MIKAMO,東京都,0,,-
HAPPY SKY,HAPPY☆ANGEL,663,Y13,東京都,1097,04*,東京都,1558,MIKAMO,東京都,2100,8$.,東京都,0,,-
HAPPY SKY,GREEN EYES,0,,-,1008,TETU,東京都,1612,TETU,東京都,2244,DINASO,東京都,0,,-
HAPPY SKY,Get'em up to R.A.V.E,0,,-,1185,04*,東京都,1701,TIKTOK,東京都,2304,1048,東京都,0,,-
HAPPY SKY,garden,0,,-,875,04*,東京都,1455,R-O,東京都,2188,NIKE.,東京都,0,,-
HAPPY SKY,First Resolution,0,,-,797,SANRYU,東京都,1611,INARI,東京都,2153,NIKE.,東京都,0,,-
HAPPY SKY,EMPTY OF THE SKY,0,,-,666,04*,東京都,1019,MA2RI,東京都,1686,NIKE.,東京都,0,,-
HAPPY SKY,EDEN,0,,-,1313,04*,東京都,1890,CATKGF,東京都,2722,NIKE.,東京都,3266,8$.,東京都
HAPPY SKY,double thrash,0,,-,974,SANRYU,東京都,2031,DELAY,東京都,2394,NIKE.,東京都,0,,-
HAPPY SKY,Don't let it go,0,,-,717,04*,東京都,1249,TETU,東京都,1700,MIKAMO,東京都,0,,-
HAPPY SKY,Catch Me,0,,-,798,04*,東京都,1330,HORI,東京都,1838,PICO,東京都,0,,-
HAPPY SKY,CaptivAte～浄化～,0,,-,1073,04*,東京都,1794,MASIMO,東京都,2477,557,東京都,0,,-
HAPPY SKY,Aurora,0,,-,1339,BILL,東京都,2145,DICE,東京都,2557,DINASO,東京都,0,,-
HAPPY SKY,alla turca con passione,0,,-,777,SANRYU,東京都,1596,GEORGE,東京都,2203,NIKE.,東京都,0,,-
HAPPY SKY,Agnus Dei,0,,-,920,04*,東京都,1585,BAGI.X,東京都,2097,MIKAMO,東京都,0,,-
HAPPY SKY,100％ minimoo-G,0,,-,920,DOFLES,東京都,1675,DICE,東京都,1769,DINASO,東京都,0,,-
DistorteD,虹色,0,,-,960,MONOKO,東京都,1537,LLDX,東京都,1864,NIKE.,東京都,0,,-
DistorteD,華蝶風雪,0,,-,1242,FIDBIY,東京都,2090,DICE,東京都,2986,NIKE.,東京都,4001,MIKAMO,東京都
DistorteD,罠,0,,-,551,SANRYU,東京都,1542,ATS,東京都,2462,DINASO,東京都,0,,-
DistorteD,嘆きの樹,0,,-,1773,DIST,東京都,2538,EXIT,東京都,3921,8$.,東京都,0,,-
DistorteD,タシカナモノ,0,,-,887,MARI*2,東京都,1410,TIKTOK,東京都,2049,NIKE.,東京都,0,,-
DistorteD,カゴノトリ～弐式～,0,,-,1128,WLEN7,東京都,1816,SYOMO7,東京都,2641,MIKAMO,東京都,0,,-
DistorteD,Zenius -I- vanisher,0,,-,971,MEW,東京都,1524,JUNE,東京都,2412,NIKE.,東京都,0,,-
DistorteD,with you…,0,,-,794,04*,東京都,1126,7CHOMO,東京都,1781,NIKE.,東京都,0,,-
DistorteD,WISH(EUROBEAT MIX),0,,-,1058,04*,東京都,1587,KOO,東京都,1977,NIKE.,東京都,0,,-
DistorteD,Why did you go away,639,WLEN7,東京都,1104,22.BR,東京都,1806,1048,東京都,2327,NIKE.,東京都,0,,-
DistorteD,waxing and wanding,0,,-,1315,ATS,東京都,1977,DICE,東京都,2903,MIKAMO,東京都,3983,MIKAMO,東京都
DistorteD,TYPE MARS(G-Style Mix),0,,-,1109,MASIMO,東京都,1813,OTAMA*,東京都,2435,EXIT,東京都,0,,-
DistorteD,tripping contact(teranoid&MC Natsack Remix),0,,-,1267,04*,東京都,1966,DICE,東京都,2492,8$.,東京都,0,,-
DistorteD,This is Love,0,,-,907,MONOKO,東京都,1752,DBJACK,東京都,2491,NIKE.,東京都,0,,-
DistorteD,The Dirty of Loudness,0,,-,1422,WLEN7,東京都,2261,DICE,東京都,2634,MIKAMO,東京都,0,,-
DistorteD,Sun Field,0,,-,574,PICO,東京都,1539,DICE,東京都,2459,1048,東京都,0,,-
DistorteD,So Fabulous !!,0,,-,1099,04*,東京都,1539,PE8NG,東京都,2370,1048,東京都,0,,-
DistorteD,Power of Love,0,,-,1018,04*,東京都,1598,DBJACK,東京都,2143,NAGACH,東京都,0,,-
DistorteD,MOON,0,,-,866,04*,東京都,2061,SYOMO7,東京都,2223,MEG*,東京都,0,,-
DistorteD,MINT,0,,-,993,MASIMO,東京都,1769,DICE,東京都,2310,1048,東京都,0,,-
DistorteD,Leaving...,0,,-,762,MA2RI,東京都,1379,PE8NG,東京都,2225,MIKAMO,東京都,0,,-
DistorteD,INFERNO,0,,-,1185,04*,東京都,1592,TIKTOK,東京都,2010,MIKAMO,東京都,0,,-
DistorteD,Heavenly Sun (IIDX VERSION),0,,-,795,MA2RI,東京都,1566,MASIMO,東京都,2118,NIKE.,東京都,0,,-
DistorteD,Harmony and Lovely,0,,-,912,04*,東京都,1781,GALAN,東京都,2252,MIKAMO,東京都,0,,-
DistorteD,Ganymede,0,,-,1102,CNN,東京都,1715,DICE,東京都,2364,MIKAMO,東京都,2642,MIKAMO,東京都
DistorteD,EURO-ROMANCE,0,,-,985,04*,東京都,1847,-DO96-,東京都,2110,1048,東京都,0,,-
DistorteD,DUE TOMORROW,0,,-,913,TETU,東京都,1524,DINASO,東京都,2074,DINASO,東京都,0,,-
DistorteD,Double Loving Heart,0,,-,577,BAN-ZO,東京都,1296,DIST,東京都,1818,DINASO,東京都,0,,-
DistorteD,DEEP ROAR,0,,-,1001,04*,東京都,1449,PICO,東京都,2769,DINASO,東京都,0,,-
DistorteD,D.C.fish,0,,-,978,EIJU-C,東京都,1971,-DO96-,東京都,2350,MIKAMO,東京都,0,,-
DistorteD,CONTRACT,0,,-,1252,DIST,東京都,1656,DICE,東京都,2097,1048,東京都,2773,MIKAMO,東京都
DistorteD,Concertino in Blue,387,WLEN7,東京都,852,MASIMO,東京都,1754,DICE,東京都,2573,DINASO,東京都,0,,-
DistorteD,Broadbanded,0,,-,881,RYU,東京都,1360,F.MAXX,東京都,2035,MIKAMO,東京都,0,,-
DistorteD,BOOM BOOM DISCO NIGHT,0,,-,981,8KELCH,東京都,1807,AMIAT-,東京都,2295,NIKE.,東京都,0,,-
DistorteD,Bloody Tears(IIDX EDITION),0,,-,1144,04*,東京都,1947,DBJACK,東京都,2186,NIKE.,東京都,0,,-
DistorteD,BALLAD THE FEATHERS,0,,-,703,MA2RI,東京都,1056,ELAIZA,東京都,1523,DINASO,東京都,0,,-
DistorteD,Apocalypse ～dirge of swans～,241,BAN-ZO,東京都,1001,TOBARI,東京都,1766,MATCH,東京都,2411,NIKE.,東京都,0,,-
DistorteD,ALFARSHEAR 双神威に廻る夢,442,Y13,東京都,1089,04*,東京都,1635,8KELCH,東京都,2095,FREAKY,東京都,0,,-
GOLD,電人、暁に斃れる。,665,Y13,東京都,1499,DBJACK,東京都,2414,DUXY.,東京都,3422,1048,東京都,0,,-
GOLD,零 - ZERO -,218,WLEN7,東京都,1187,04*,東京都,1772,DBJACK,東京都,2318,NIKE.,東京都,0,,-
GOLD,花吹雪 ～ IIDX LIMITED ～,0,,-,714,MONOKO,東京都,1109,ELAIZA,東京都,1437,1048,東京都,0,,-
GOLD,星をこの手に,0,,-,1179,DBJACK,東京都,1746,SYOMO7,東京都,2195,DINASO,東京都,0,,-
GOLD,リグレット,0,,-,1290,DBJACK,東京都,1713,UMIMI3,東京都,2443,NIKE.,東京都,0,,-
GOLD,ヨシダさん,0,,-,918,SO902I,東京都,1432,TIKTOK,東京都,1973,DINASO,東京都,0,,-
GOLD,クルクル☆ラブ～Opioid Peptide MIX～,430,WLEN7,東京都,991,04*,東京都,1473,V.2NJA,東京都,2282,DINASO,東京都,0,,-
GOLD,With your Smile,0,,-,728,04*,東京都,1159,SRST,東京都,1576,NIKE.,東京都,0,,-
GOLD,Watch out!!,0,,-,751,04*,東京都,1008,MASIMO,東京都,1638,MIKAMO,東京都,0,,-
GOLD,VANESSA,0,,-,1129,39NYAN,東京都,1853,MIKAMO,東京都,2432,557,東京都,3467,MIKAMO,東京都
GOLD,TRANOID,0,,-,824,04*,東京都,1796,DICE,東京都,2254,DINASO,東京都,3014,MIKAMO,東京都
GOLD,The Smile of You,0,,-,920,MA2RI,東京都,1315,INARI,東京都,1630,EXIT,東京都,0,,-
GOLD,the shadow,0,,-,1209,DIST,東京都,2103,SHINPO,東京都,2935,DINASO,東京都,0,,-
GOLD,snow storm,235,TETU,東京都,794,RYU,東京都,2269,GEORGE,東京都,2805,NIKE.,東京都,3401,DINASO,東京都
GOLD,smile,0,,-,1474,#PERAO,東京都,2092,KANA,東京都,2916,DINASO,東京都,0,,-
GOLD,Sense 2007,0,,-,1514,DICE,東京都,2303,557,東京都,2995,DINASO,東京都,0,,-
GOLD,Second Heaven,224,WLEN7,東京都,957,RYU,東京都,1530,PE8NG,東京都,2127,MIKAMO,東京都,0,,-
GOLD,Roulette,0,,-,900,MASIMO,東京都,1427,MASIMO,東京都,2135,NIKE.,東京都,0,,-
GOLD,PHOTONGENIC,0,,-,1312,8KELCH,東京都,1973,DICE,東京都,2322,MIKAMO,東京都,0,,-
GOLD,op.31 叙情,0,,-,594,DINASO,東京都,1359,HUYU,東京都,1642,U76NER,東京都,0,,-
GOLD,never…,0,,-,818,MA2RI,東京都,1312,NISE96,東京都,1823,NIKE.,東京都,0,,-
GOLD,METALLIC MIND,0,,-,868,S*NECO,東京都,1370,DBJACK,東京都,1644,NIKE.,東京都,0,,-
GOLD,Make Me Your Own,0,,-,860,DBJACK,東京都,1526,8KELCH,東京都,2156,DINASO,東京都,0,,-
GOLD,Love Again...,0,,-,562,DBJACK,東京都,758,SANRYU,東京都,1073,557,東京都,0,,-
GOLD,LASER CRUSTER,0,,-,1398,EIEIEI,東京都,2486,1048,東京都,3257,MIKAMO,東京都,0,,-
GOLD,KAMAITACHI,0,,-,1247,BILL,東京都,2041,DICE,東京都,2728,DINASO,東京都,3939,MEG*,東京都
GOLD,INORI,0,,-,1396,PICO,東京都,2635,PICO,東京都,3207,1048,東京都,0,,-
GOLD,High School Love,408,Y13,東京都,841,MA2RI,東京都,1533,MASIMO,東京都,2212,NIKE.,東京都,0,,-
GOLD,heaven above,0,,-,831,04*,東京都,1355,MASIMO,東京都,1854,NIKE.,東京都,0,,-
GOLD,GRID KNIGHT,0,,-,815,MASIMO,東京都,1937,7G569D,東京都,2648,NIKE.,東京都,3480,NIKE.,東京都
GOLD,GOLD RUSH,561,*SHO5*,東京都,1171,TEN,東京都,1493,DICE,東京都,2375,MIKAMO,東京都,0,,-
GOLD,four-leaf,0,,-,753,MONOKO,東京都,1195,8KELCH,東京都,1732,DINASO,東京都,0,,-
GOLD,FIRE FIRE,572,TETU,東京都,1161,EIEIEI,東京都,1800,*SHO5*,東京都,2791,DINASO,東京都,0,,-
GOLD,Fascination MAXX,0,,-,1004,F.MAXX,東京都,1703,F.MAXX,東京都,2558,F.KTN,東京都,0,,-
GOLD,Cyber Force,0,,-,1267,04*,東京都,1900,AMIAT-,東京都,2393,1048,東京都,0,,-
GOLD,CROSSROAD ～Left Story～,0,,-,1082,SANRYU,東京都,1753,KH2NOW,東京都,2193,DINASO,東京都,0,,-
GOLD,CaptivAte～誓い～,0,,-,1286,SO902I,東京都,1990,SPA-RN,東京都,2251,NIKE.,東京都,0,,-
GOLD,CaptivAte～裁き～,428,Y13,東京都,813,BILL-R,東京都,1308,KEGA,東京都,1792,NIKE.,東京都,0,,-
GOLD,Candy Galy,0,,-,1539,DBJACK,東京都,2543,DICE,東京都,3571,DINASO,東京都,0,,-
GOLD,"Blind Justice ～Torn souls, Hurt Faiths ～",0,,-,1346,04*,東京都,1970,DICE,東京都,2487,DINASO,東京都,0,,-
GOLD,ANDROMEDA II,0,,-,956,SO902I,東京都,1899,OY,東京都,2501,NIKE.,東京都,0,,-
GOLD,Air Bell,0,,-,898,TAMAMO,東京都,1299,NAPO,東京都,1733,NIKE.,東京都,0,,-
GOLD,2hot2eat,0,,-,595,TETU,東京都,1150,TETU,東京都,1692,MIKAMO,東京都,0,,-
DJ TROOPERS,高高度降下低高度開傘,0,,-,917,MONOKO,東京都,1516,NIKE.,東京都,2007,DINASO,東京都,0,,-
DJ TROOPERS,走馬灯 -The Last Song-,0,,-,496,SANRYU,東京都,908,ELAIZA,東京都,1344,DINASO,東京都,0,,-
DJ TROOPERS,華爛漫 -Flowers-,336,LASK,東京都,1016,04*,東京都,1555,FLAME!,東京都,2056,NIKE.,東京都,3182,RIN,東京都
DJ TROOPERS,少年A,0,,-,1173,YS63,東京都,2177,SAYACH,東京都,2857,DINASO,東京都,0,,-
DJ TROOPERS,ミラージュ・レジデンス,0,,-,1123,WLEN7,東京都,2113,SYOMO7,東京都,2674,NIKE.,東京都,3312,MIKAMO,東京都
DJ TROOPERS,マチ子の唄,0,,-,829,LEONE,東京都,1288,DBJACK,東京都,1802,1048,東京都,0,,-
DJ TROOPERS,エコ爺,346,Y13,東京都,823,MASIMO,東京都,1323,DIST,東京都,1844,DINASO,東京都,0,,-
DJ TROOPERS,Wanna Party?,0,,-,760,MASIMO,東京都,1164,S-RAN,東京都,1523,557,東京都,2598,RENNE,東京都
DJ TROOPERS,Ubertreffen,0,,-,1093,ELAIZA,東京都,2004,PICO,東京都,2545,DINASO,東京都,3275,MIKAMO,東京都
DJ TROOPERS,TROOPERS,0,,-,1178,R-O,東京都,2390,DICE,東京都,2978,DINASO,東京都,0,,-
DJ TROOPERS,TRIP MACHINE PhoeniX,0,,-,693,TETU,東京都,1632,TETU,東京都,1850,MIKAMO,東京都,0,,-
DJ TROOPERS,Time to Air,0,,-,1252,DIST,東京都,2096,DICE,東京都,2894,RIN,東京都,3730,MIKAMO,東京都
DJ TROOPERS,the trigger of innocence,0,,-,866,MONOKO,東京都,1183,ELAIZA,東京都,1848,DINASO,東京都,3114,1048,東京都
DJ TROOPERS,THE DEEP STRIKER,538,Y13,東京都,1102,PICO,東京都,2234,DICE,東京都,3049,DINASO,東京都,3543,DINASO,東京都
DJ TROOPERS,switch,0,,-,814,04*,東京都,1494,DBJACK,東京都,2125,DINASO,東京都,0,,-
DJ TROOPERS,STEEL NEEDLE,0,,-,1070,AK0,東京都,2171,DICE,東京都,2520,MIKAMO,東京都,3362,MEG*,東京都
DJ TROOPERS,State Of The Art,0,,-,1089,MONOKO,東京都,1545,TETU,東京都,3123,8$.,東京都,0,,-
DJ TROOPERS,SOUND OF GIALLARHORN,512,Y13,東京都,1392,1048,東京都,2737,DUXY.,東京都,3304,8$.,東京都,0,,-
DJ TROOPERS,soldier's waltz,0,,-,814,TETU,東京都,1579,CUFFS,東京都,2519,MIKAMO,東京都,0,,-
DJ TROOPERS,scar in the earth,0,,-,666,04*,東京都,1066,ELAIZA,東京都,1530,NIKE.,東京都,0,,-
DJ TROOPERS,satfinal,0,,-,1094,04*,東京都,1429,INARI,東京都,1926,DINASO,東京都,0,,-
DJ TROOPERS,"satellite020712 from ""CODED ARMS""",0,,-,1248,BAN-ZO,東京都,1869,GEORGE,東京都,2561,MIKAMO,東京都,0,,-
DJ TROOPERS,Ristaccia,0,,-,1175,WLEN7,東京都,1963,PRITIA,東京都,2761,DINASO,東京都,0,,-
DJ TROOPERS,Rising in the Sun(original mix),0,,-,936,DUXY.,東京都,1673,MIRA*,東京都,2388,8$.,東京都,0,,-
DJ TROOPERS,REMINISCENCE,0,,-,1277,04*,東京都,1858,-DO96-,東京都,2363,MIKAMO,東京都,0,,-
DJ TROOPERS,PROMISE FOR LIFE,0,,-,593,MA2RI,東京都,1463,MA2RI,東京都,1750,NIKE.,東京都,0,,-
DJ TROOPERS,PARANOiA ～HADES～,0,,-,1059,AK0,東京都,1858,8$.,東京都,2745,EXIT,東京都,0,,-
DJ TROOPERS,oratio,0,,-,1457,MEME,東京都,2032,DICE,東京都,2963,FREAKY,東京都,0,,-
DJ TROOPERS,NEW GENERATION -もう、お前しか見えない-,0,,-,1042,MONOKO,東京都,1854,TAPIOC,東京都,2663,NIKE.,東京都,3698,MIKAMO,東京都
DJ TROOPERS,MENTAL MELTDOWN,0,,-,1144,RYU,東京都,2264,DICE,東京都,2859,MIKAMO,東京都,0,,-
DJ TROOPERS,MENDES,0,,-,1139,04*,東京都,2689,DINASO,東京都,3616,MIKAMO,東京都,0,,-
DJ TROOPERS,MAX LOVE,0,,-,1426,MONOKO,東京都,2130,$777$,東京都,2688,NIKE.,東京都,0,,-
DJ TROOPERS,madrugada,0,,-,711,TETU,東京都,1219,TETU,東京都,1877,DINASO,東京都,0,,-
DJ TROOPERS,LOVELY STORM,0,,-,1231,MARO,東京都,2124,ARIOSO,東京都,2852,NIKE.,東京都,0,,-
DJ TROOPERS,Kick Out 仮面,0,,-,1126,IIDX31,東京都,1532,ARIOSO,東京都,2041,NIKE.,東京都,0,,-
DJ TROOPERS,in the Sky,0,,-,1367,DIST,東京都,2104,KANA,東京都,2552,MIKAMO,東京都,0,,-
DJ TROOPERS,ICARUS,0,,-,1314,AK0,東京都,2068,DICE,東京都,2518,DINASO,東京都,3799,MEG*,東京都
DJ TROOPERS,Freeway Shuffle,345,Y13,東京都,787,SANRYU,東京都,1246,DBJACK,東京都,1890,NAGACH,東京都,0,,-
DJ TROOPERS,four pieces of heaven,0,,-,909,RYU,東京都,1877,DICE,東京都,2408,MIKAMO,東京都,2974,MIKAMO,東京都
DJ TROOPERS,end of world,0,,-,1004,BAN-ZO,東京都,1734,GG.LMN,東京都,2522,8$.,東京都,0,,-
DJ TROOPERS,Do it!! Do it!!,0,,-,1048,MEZASI,東京都,1577,DICE,東京都,1957,1048,東京都,0,,-
DJ TROOPERS,Digitank System,0,,-,937,RYU,東京都,1577,SHINPO,東京都,2161,DINASO,東京都,0,,-
DJ TROOPERS,Dazzlin' Darlin,343,WLEN7,東京都,903,RYU,東京都,1381,GEORGE,東京都,2230,NIKE.,東京都,0,,-
DJ TROOPERS,Darling my LUV,0,,-,686,MONOKO,東京都,981,1SE,東京都,1389,NIKE.,東京都,0,,-
DJ TROOPERS,Blue Rain,347,Y13,東京都,951,KAITO,東京都,1562,TRI2TY,東京都,2285,DINASO,東京都,3351,1048,東京都
DJ TROOPERS,beatonic nation,0,,-,1275,04*,東京都,1867,TIKTOK,東京都,2180,DINASO,東京都,0,,-
DJ TROOPERS,Be OK,0,,-,935,DBJACK,東京都,1732,TIKTOK,東京都,2422,NIKE.,東京都,3333,RIN,東京都
DJ TROOPERS,avant-guerre,0,,-,777,PICO,東京都,1282,MASIMO,東京都,1955,NIKE.,東京都,0,,-
DJ TROOPERS,"Anisakis -somatic mutation type""Forza""-",0,,-,1258,04*,東京都,2123,DICE,東京都,2877,NIKE.,東京都,3902,MEG*,東京都
DJ TROOPERS,2 tribe 4 K,0,,-,889,04*,東京都,1275,YUKIGH,東京都,2795,8$.,東京都,0,,-
EMPRESS,鉄甲乙女-under the steel-,0,,-,947,04*,東京都,1608,DIST,東京都,2194,NIKE.,東京都,0,,-
EMPRESS,翼,0,,-,907,04*,東京都,1504,DBJACK,東京都,1976,DINASO,東京都,2511,NIKE.,東京都
EMPRESS,山岡晃の「クイズ！家事都合！」,0,,-,658,SANRYU,東京都,1314,MASIMO,東京都,2064,NIKE.,東京都,0,,-
EMPRESS,天空脳番長危機十六連打,0,,-,1034,04*,東京都,2158,DICE,東京都,2632,DINASO,東京都,0,,-
EMPRESS,卑弥呼,0,,-,1202,ELAIZA,東京都,2786,557,東京都,4137,MEG*,東京都,0,,-
EMPRESS,凛として咲く花の如く,391,WLEN7,東京都,1323,BILL,東京都,2129,FOON,東京都,2791,NIKE.,東京都,3184,NIKE.,東京都
EMPRESS,不沈艦CANDY,604,TETU,東京都,1156,MASIMO,東京都,1946,MIRA*,東京都,3333,8$.,東京都,0,,-
EMPRESS,ミッドナイト堕天使,0,,-,995,04*,東京都,1619,TETU,東京都,2794,DINASO,東京都,0,,-
EMPRESS,ハリツヤランデヴー,0,,-,952,TETU,東京都,2108,TETU,東京都,2498,NIKE.,東京都,0,,-
EMPRESS,まほろば,0,,-,790,RYU,東京都,1447,TIKTOK,東京都,2061,NIKE.,東京都,0,,-
EMPRESS,"You'll say ""Now!""",0,,-,1180,MONOKO,東京都,1865,ISHII,東京都,2519,1048,東京都,0,,-
EMPRESS,Y&Co. is dead or alive,0,,-,1112,EGPT*,東京都,1728,CUFFS,東京都,2865,MIKAMO,東京都,0,,-
EMPRESS,V2,790,TETU,東京都,1460,APEC,東京都,3129,GEORGE,東京都,3592,1048,東京都,0,,-
EMPRESS,Turii ～Panta rhei～,365,TETU,東京都,888,MONOKO,東京都,2062,GEORGE,東京都,2687,NIKE.,東京都,0,,-
EMPRESS,thunder HOUSE NATION Remix,0,,-,1062,TETU,東京都,1648,TETU,東京都,2480,NIKE.,東京都,3904,NIKE.,東京都
EMPRESS,THE SHINING POLARIS(kors k mix),0,,-,1304,MASSU,東京都,2100,-DO96-,東京都,3265,MIKAMO,東京都,0,,-
EMPRESS,THANK YOU FOR PLAYING,0,,-,818,04*,東京都,1668,-DO96-,東京都,2167,MIKAMO,東京都,3012,DINASO,東京都
EMPRESS,SOLITON BEAM,0,,-,1313,ZYURI,東京都,2061,MASIMO,東京都,2369,NIKE.,東京都,0,,-
EMPRESS,smooooch・∀・,395,RYU,東京都,836,04*,東京都,1635,*SHO5*,東京都,2170,8$.,東京都,0,,-
EMPRESS,Secrets,0,,-,1229,WATAME,東京都,2435,-DO96-,東京都,3174,DINASO,東京都,4173,DINASO,東京都
EMPRESS,Queen's Tragedy,0,,-,851,04*,東京都,1661,AMIAT-,東京都,2260,8$.,東京都,0,,-
EMPRESS,Punch Love 仮面,0,,-,1120,WLEN7,東京都,1674,MASIMO,東京都,2530,NIKE.,東京都,0,,-
EMPRESS,Programmed World,0,,-,943,MEW,東京都,1781,DICE,東京都,2315,DINASO,東京都,0,,-
EMPRESS,NΦ CRIME,294,Y13,東京都,824,04*,東京都,1464,DICE,東京都,1901,8$.,東京都,2421,DINASO,東京都
EMPRESS,neogenesis,0,,-,981,E.MUSK,東京都,1318,ASH,東京都,1722,MIKAMO,東京都,2351,DINASO,東京都
EMPRESS,naughty girl@Queen's Palace,0,,-,864,04*,東京都,1689,GEORGE,東京都,2153,1048,東京都,2718,EXIT,東京都
EMPRESS,Monkey Dance '09,0,,-,870,04*,東京都,1702,MASIMO,東京都,2273,NIKE.,東京都,0,,-
EMPRESS,Mind Mapping,515,Y13,東京都,881,04*,東京都,1252,INARI,東京都,1842,NIKE.,東京都,2262,DINASO,東京都
EMPRESS,Marie Antoinette,0,,-,1053,TETU,東京都,1877,TETU,東京都,2605,DINASO,東京都,3211,RENNE,東京都
EMPRESS,Kung-fu Empire,0,,-,1475,RYU,東京都,2588,DICE,東京都,3286,MIKAMO,東京都,3958,MIKAMO,東京都
EMPRESS,Just a Little Smile,0,,-,828,PICO,東京都,1312,7CHOMO,東京都,2514,8$.,東京都,0,,-
EMPRESS,Jack,0,,-,897,DOFLES,東京都,1359,ARIOSO,東京都,2170,PICO,東京都,0,,-
EMPRESS,I'm Screaming LOVE,0,,-,614,04*,東京都,1289,ELAIZA,東京都,1701,PICO,東京都,0,,-
EMPRESS,HYPERION,0,,-,1095,DBJACK,東京都,2023,8KELCH,東京都,2766,MIKAMO,東京都,0,,-
EMPRESS,Go Beyond!!,551,PICO,東京都,1040,BILL,東京都,1737,DICE,東京都,2260,DINASO,東京都,0,,-
EMPRESS,Fly Above,0,,-,964,IKKI,東京都,1617,DIST,東京都,2032,YKKNOK,東京都,0,,-
EMPRESS,Flash Back 90's,0,,-,932,04*,東京都,1866,GEORGE,東京都,2352,NIKE.,東京都,2926,MIKAMO,東京都
EMPRESS,Cyber Force -DJ Yoshitaka Remix-,0,,-,1028,KITTYO,東京都,1791,MASIMO,東京都,2552,DINASO,東京都,0,,-
EMPRESS,Colorful Cookie,674,*SHO5*,東京都,1128,ZAQRO,東京都,2278,KT4ER1,東京都,3528,MIKAMO,東京都,0,,-
EMPRESS,CaptivAte2～覚醒～,243,TETU,東京都,1113,04*,東京都,1716,MASIMO,東京都,2420,8$.,東京都,0,,-
EMPRESS,BRIDAL FESTIVAL !!!,0,,-,1001,PICO,東京都,1474,EIEIEI,東京都,2146,NIKE.,東京都,0,,-
EMPRESS,BITTER CHOCOLATE STRIKER,0,,-,1054,S-SAN,東京都,2237,TOLIS,東京都,3950,557,東京都,0,,-
EMPRESS,Bahram Attack-猫叉Master Remix-,0,,-,1064,04*,東京都,1979,M*,東京都,2627,DINASO,東京都,3273,1048,東京都
EMPRESS,B4U(BEMANI FOR YOU MIX),0,,-,1217,MEW,東京都,2291,DJD4DJ,東京都,3598,DINASO,東京都,4663,MEG*,東京都
EMPRESS,Arabian Rave Night,0,,-,1264,FIDBIY,東京都,2253,DICE,東京都,2973,MIKAMO,東京都,3712,MIKAMO,東京都
EMPRESS,ALL MY TURN -このターンに、オレの全てを賭ける-,0,,-,1064,04*,東京都,1777,*39RA*,東京都,2615,MIKAMO,東京都,0,,-
EMPRESS,ALL I NEED YOUR LOVE,0,,-,1106,04*,東京都,1649,ARIOSO,東京都,2154,DINASO,東京都,0,,-
EMPRESS,3y3s,559,TETU,東京都,1465,BILL,東京都,2555,DICE,東京都,3620,EXIT,東京都,0,,-
SIRIUS,"水上の提督(Short mix from ""幻想水滸伝V"")",0,,-,701,RYU,東京都,1627,LLDX,東京都,2118,MIKAMO,東京都,0,,-
SIRIUS,未来のプリズム,0,,-,692,CIRCE*,東京都,1374,TIKTOK,東京都,1784,MIKAMO,東京都,0,,-
SIRIUS,ワルツ第17番 ト短調”大犬のワルツ”,0,,-,1285,MEW,東京都,2348,MIKAMO,東京都,3287,MIKAMO,東京都,0,,-
SIRIUS,バビロニア,0,,-,832,DBJACK,東京都,1337,IIDX31,東京都,1877,NIKE.,東京都,0,,-
SIRIUS,サヨナラ・ヘヴン,378,WLEN7,東京都,917,RYU,東京都,1330,ELAIZA,東京都,1704,MIKAMO,東京都,0,,-
SIRIUS,コスモス,0,,-,898,SG,東京都,1495,TIKTOK,東京都,2097,NIKE.,東京都,0,,-
SIRIUS,たからもの,0,,-,1288,MEW,東京都,1848,BILL,東京都,2245,MIKAMO,東京都,3566,MIKAMO,東京都
SIRIUS,かずあそび,0,,-,507,SANRYU,東京都,1168,ELAIZA,東京都,1701,NIKE.,東京都,0,,-
SIRIUS,The Story Begins,0,,-,855,04*,東京都,1736,3X0M1.,東京都,2453,DINASO,東京都,0,,-
SIRIUS,THE LAST STRIKER,0,,-,1414,ELAIZA,東京都,1908,ELAIZA,東京都,2647,MIKAMO,東京都,0,,-
SIRIUS,Special One,0,,-,859,04*,東京都,1173,ELAIZA,東京都,1785,NIKE.,東京都,0,,-
SIRIUS,Sorrows,0,,-,796,BAN-ZO,東京都,1673,ERROR!,東京都,2481,NIKE.,東京都,0,,-
SIRIUS,SOLID STATE SQUAD,0,,-,1036,MONOKO,東京都,2287,-DO96-,東京都,3601,DINASO,東京都,3666,MIKAMO,東京都
SIRIUS,She is my wife,430,Y13,東京都,712,04*,東京都,1538,MIRA*,東京都,1988,NIKE.,東京都,0,,-
SIRIUS,Session 1 -Genesis-,0,,-,907,MONOKO,東京都,1557,RUDDLE,東京都,2469,8$.,東京都,0,,-
SIRIUS,Roots of my way!,0,,-,894,04*,東京都,1231,MAHI,東京都,2047,NIKE.,東京都,0,,-
SIRIUS,Red. by Full Metal Jacket,0,,-,1024,MEW,東京都,2094,DICE,東京都,3229,MIKAMO,東京都,0,,-
SIRIUS,Raison d'etre～交差する宿命～,0,,-,1224,04*,東京都,2249,DICE,東京都,2756,557,東京都,0,,-
SIRIUS,quell～the seventh slave～,0,,-,956,MONOKO,東京都,1781,TKW9ON,東京都,3217,MIKAMO,東京都,0,,-
SIRIUS,Programmed Sun,0,,-,1092,MASIMO,東京都,1856,TIKTOK,東京都,2603,1048,東京都,0,,-
SIRIUS,NoN-Fiction Story!,0,,-,720,04*,東京都,1368,MASIMO,東京都,2221,NIKE.,東京都,0,,-
SIRIUS,NEW SENSATION -もう、あなたしか見えない-,0,,-,1266,04*,東京都,2044,DICE,東京都,2697,8$.,東京都,0,,-
SIRIUS,mosaic,0,,-,1486,T.MELO,東京都,2066,MARU-N,東京都,3018,MIKAMO,東京都,0,,-
SIRIUS,MIRACLE MEETS,0,,-,941,MASIMO,東京都,1542,&,東京都,2247,MIKAMO,東京都,0,,-
SIRIUS,Light Shine,0,,-,792,R-O,東京都,1138,TIKTOK,東京都,1971,MIKAMO,東京都,0,,-
SIRIUS,Last Burning,0,,-,884,04*,東京都,1563,ARIOSO,東京都,2386,1048,東京都,0,,-
SIRIUS,Keep it-秋葉工房mix-,0,,-,1024,MASIMO,東京都,1670,DBJACK,東京都,1878,NIKE.,東京都,0,,-
SIRIUS,IN THE NAME OF LOVE,544,WLEN7,東京都,755,04*,東京都,1380,MASIMO,東京都,1947,NIKE.,東京都,0,,-
SIRIUS,Hydrogen Blueback,0,,-,1020,HA.,東京都,1656,MASIMO,東京都,2334,NIKE.,東京都,2449,DINASO,東京都
SIRIUS,GOLDEN CROSS,0,,-,1115,04*,東京都,2098,-DO96-,東京都,3512,1048,東京都,0,,-
SIRIUS,GALGALIM,0,,-,1412,MASIMO,東京都,2018,DICE,東京都,2406,DINASO,東京都,0,,-
SIRIUS,G59,0,,-,1753,DIST,東京都,2356,DICE,東京都,3928,MIKAMO,東京都,0,,-
SIRIUS,EXUSIA,0,,-,1242,04*,東京都,2743,DICE,東京都,3896,DINASO,東京都,0,,-
SIRIUS,Evans,604,Y13,東京都,1248,04*,東京都,2221,8$.,東京都,2848,MIKAMO,東京都,0,,-
SIRIUS,eRAseRmOToRpHAntOM,0,,-,1502,8KELCH,東京都,2597,DICE,東京都,3325,8$.,東京都,0,,-
SIRIUS,Empire State Glory,0,,-,1113,MONOKO,東京都,1797,-DO96-,東京都,2652,NIKE.,東京都,0,,-
SIRIUS,Elisha,430,WLEN7,東京都,916,MEW,東京都,1495,557,東京都,2292,MIKAMO,東京都,0,,-
SIRIUS,DROP,0,,-,866,04*,東京都,2102,SYOMO7,東京都,2656,MIKAMO,東京都,0,,-
SIRIUS,DOMINION,0,,-,1249,MEW,東京都,2334,DICE,東京都,3232,MIKAMO,東京都,0,,-
SIRIUS,Do Back Burn,0,,-,716,TETU,東京都,1415,TETU,東京都,2147,MIKAMO,東京都,0,,-
SIRIUS,DESIRE,0,,-,950,04*,東京都,1983,-DO96-,東京都,2881,1048,東京都,0,,-
SIRIUS,Dazzlin' Darlin-秋葉工房mix-,0,,-,753,ASA,東京都,1506,ERROR!,東京都,2104,NIKE.,東京都,0,,-
SIRIUS,DAWN -THE NEXT ENDEAVOUR-,0,,-,1609,MASIMO,東京都,2643,CITRUS,東京都,3140,557,東京都,0,,-
SIRIUS,D,0,,-,1425,ENMT!!,東京都,1923,DICE,東京都,2603,DINASO,東京都,0,,-
SIRIUS,CaptivAte～裁き～(SUBLIME TECHNO MIX),0,,-,1013,SO902I,東京都,1598,TRI2TY,東京都,2455,DINASO,東京都,0,,-
SIRIUS,bloomin' feeling,395,Y13,東京都,1260,HINANO,東京都,1953,PRITIA,東京都,2615,NAGACH,東京都,0,,-
SIRIUS,being torn the sky,0,,-,659,DBJACK,東京都,1223,DINASO,東京都,1995,NIKE.,東京都,0,,-
SIRIUS,BEAUTIFUL ANGEL,0,,-,626,MA2RI,東京都,1791,SUBARU,東京都,2498,8$.,東京都,0,,-
SIRIUS,beatchic☆仮面～好き、でいさせて～,0,,-,1001,MASIMO,東京都,1597,ARIOSO,東京都,2033,NIKE.,東京都,0,,-
SIRIUS,bass 2 bass,279,MA2RI,東京都,730,04*,東京都,1258,405,東京都,1915,DINASO,東京都,0,,-
SIRIUS,Bad Maniacs,0,,-,1291,IROHA*,東京都,1935,1048,東京都,3282,MIKAMO,東京都,0,,-
SIRIUS,Almagest,0,,-,1028,RIN,東京都,2261,DINASO,東京都,3175,MIKAMO,東京都,0,,-
SIRIUS,AIR RAID FROM THA UNDAGROUND,551,Y13,東京都,1169,WLEN7,東京都,1817,MASIMO,東京都,2366,NIKE.,東京都,3014,MIKAMO,東京都
Resort Anthem,黒髪乱れし修羅となりて,0,,-,800,DIST,東京都,2092,-DO96-,東京都,3458,RENNE,東京都,0,,-
Resort Anthem,灼熱Beach Side Bunny,587,DIST,東京都,1091,RYU,東京都,2006,HUYU,東京都,3287,MIKAMO,東京都,0,,-
Resort Anthem,旅人リラン,0,,-,1089,NO.VII,東京都,1954,GALAN,東京都,2670,MIKAMO,東京都,0,,-
Resort Anthem,夕焼け ～Fading Day～,0,,-,1003,04*,東京都,2027,CUFFS,東京都,2819,NIKE.,東京都,0,,-
Resort Anthem,中華急行,0,,-,328,04*,東京都,1510,MASIMO,東京都,2332,NIKE.,東京都,0,,-
Resort Anthem,かげぬい ～ Ver.BENIBOTAN ～,529,TETU,東京都,844,ST,東京都,1321,BOL,東京都,1954,DINASO,東京都,0,,-
Resort Anthem,おおきなこえで,0,,-,450,SANRYU,東京都,1004,PICO,東京都,1492,KEGA,東京都,2181,DINASO,東京都
Resort Anthem,ZETA～素数の世界と超越者～,331,Y13,東京都,606,04*,東京都,2073,ELAIZA,東京都,3148,NIKE.,東京都,0,,-
Resort Anthem,XANADU OF TWO,0,,-,1008,04*,東京都,1722,AMIAT-,東京都,2759,DINASO,東京都,0,,-
Resort Anthem,Wuv U,0,,-,416,RYU,東京都,1294,TRI2TY,東京都,1720,NIKE.,東京都,0,,-
Resort Anthem,WISE UP!,348,Y13,東京都,468,KITTYO,東京都,1155,GEORGE,東京都,1605,DINASO,東京都,2629,MIKAMO,東京都
Resort Anthem,Watch Out Pt.2,0,,-,1139,RYU,東京都,1928,DBJACK,東京都,2950,MIKAMO,東京都,0,,-
Resort Anthem,Vermillion,0,,-,531,MEW,東京都,1169,405,東京都,2082,DINASO,東京都,0,,-
Resort Anthem,Tropical April,0,,-,1615,DIST,東京都,2297,DICE,東京都,2776,MIKAMO,東京都,0,,-
Resort Anthem,THE FALLEN,0,,-,863,ASA,東京都,1473,CRAL!S,東京都,2719,557,東京都,0,,-
Resort Anthem,THE DOOR INTO RAINBOW,0,,-,782,ASA,東京都,1669,MASIMO,東京都,2203,NIKE.,東京都,0,,-
Resort Anthem,THE BLACK KNIGHT,0,,-,930,RYU,東京都,2077,DICE,東京都,2953,DINASO,東京都,0,,-
Resort Anthem,STELLAR WIND,387,TETU,東京都,634,MA2RI,東京都,1842,DBJACK,東京都,2699,1048,東京都,0,,-
Resort Anthem,Stay my side,0,,-,649,04*,東京都,1055,MASIMO,東京都,1355,NIKE.,東京都,0,,-
Resort Anthem,SPECIAL SUMMER CAMPAIGN!,0,,-,715,RYU,東京都,1655,DICE,東京都,3007,DINASO,東京都,0,,-
Resort Anthem,Space Time,0,,-,591,NEMME*,東京都,1579,ASH,東京都,2219,NIKE.,東京都,0,,-
Resort Anthem,Session 9 -Chronicles-,0,,-,762,MASIMO,東京都,2405,DICE,東京都,3636,DINASO,東京都,0,,-
Resort Anthem,sakura storm,0,,-,1054,04*,東京都,1349,PICO,東京都,2441,MIKAMO,東京都,0,,-
Resort Anthem,Sakura Reflection,0,,-,482,KAN,東京都,1610,RX-8,東京都,2376,DINASO,東京都,0,,-
Resort Anthem,SABER WING,0,,-,534,WATAME,東京都,1851,INARI,東京都,2855,MIKAMO,東京都,0,,-
Resort Anthem,Rock Da House,0,,-,896,DIST,東京都,1639,-DO96-,東京都,2250,557,東京都,0,,-
Resort Anthem,reunion,561,MONOKO,東京都,1402,ERROR!,東京都,2461,MIKAMO,東京都,3256,MIKAMO,東京都,0,,-
Resort Anthem,Programmed Life,0,,-,1093,EIEIEI,東京都,1724,8KELCH,東京都,2392,1048,東京都,0,,-
Resort Anthem,perditus†paradisus,0,,-,1258,MEW,東京都,2601,557,東京都,3948,8$.,東京都,0,,-
Resort Anthem,passionate fate,0,,-,1161,04*,東京都,1607,TRI2TY,東京都,2143,DINASO,東京都,0,,-
Resort Anthem,PARADISE LOST,0,,-,1397,MASSU,東京都,2387,557,東京都,3377,MIKAMO,東京都,0,,-
Resort Anthem,New Castle Legions,0,,-,970,TETU,東京都,1991,DICE,東京都,2810,MIKAMO,東京都,0,,-
Resort Anthem,Never Fade Away,0,,-,793,04*,東京都,1712,MASIMO,東京都,3059,DINASO,東京都,0,,-
Resort Anthem,Mermaid girl,586,$EVAN$,東京都,1000,04*,東京都,1694,-DO96-,東京都,2222,NIKE.,東京都,0,,-
Resort Anthem,Medicine of love,0,,-,661,8$.,東京都,1085,$EVAN$,東京都,1732,NIKE.,東京都,0,,-
Resort Anthem,Let The Track Flow,0,,-,1130,04*,東京都,1818,DBJACK,東京都,2690,DINASO,東京都,0,,-
Resort Anthem,Kailua,0,,-,527,MONOKO,東京都,1394,557,東京都,2231,MIKAMO,東京都,0,,-
Resort Anthem,I FIGHT ME,0,,-,617,MA2RI,東京都,1396,DBJACK,東京都,2135,NIKE.,東京都,0,,-
Resort Anthem,Golden Palms,0,,-,743,RYU,東京都,1436,DBJACK,東京都,2061,DINASO,東京都,2457,DINASO,東京都
Resort Anthem,Fantasia,243,WLEN7,東京都,402,04*,東京都,1546,ERROR!,東京都,2246,NIKE.,東京都,0,,-
Resort Anthem,Everlasting Resort,0,,-,889,04*,東京都,1316,GALAN,東京都,1915,NIKE.,東京都,0,,-
Resort Anthem,Eternal Tears,0,,-,428,MT.TKO,東京都,1091,$EVAN$,東京都,1380,1048,東京都,0,,-
Resort Anthem,Energy Drive,0,,-,896,PICO,東京都,1524,PICO,東京都,2238,8$.,東京都,0,,-
Resort Anthem,DM STAR～関西 energy style～,0,,-,1085,MASIMO,東京都,1925,-DO96-,東京都,2408,NIKE.,東京都,0,,-
Resort Anthem,Destiny Sword,0,,-,846,BAN-ZO,東京都,1760,MASIMO,東京都,2409,NIKE.,東京都,0,,-
Resort Anthem,DAYDREAMER,0,,-,1182,MEW,東京都,1766,405,東京都,2530,NIKE.,東京都,0,,-
Resort Anthem,Dances with Snow Fairies,0,,-,1389,NGS,東京都,2283,-DO96-,東京都,3160,DINASO,東京都,4125,MEG*,東京都
Resort Anthem,BROKEN EDEN,0,,-,1019,EUREKA,東京都,1777,SHINPO,東京都,2358,DINASO,東京都,0,,-
Resort Anthem,Broken,0,,-,1062,WATAME,東京都,2052,405,東京都,3187,DINASO,東京都,0,,-
Resort Anthem,Breaking the ground,0,,-,1186,MEW,東京都,1785,-DO96-,東京都,2538,NIKE.,東京都,0,,-
Resort Anthem,Bounce Bounce Bounce,0,,-,1090,DIST,東京都,1762,DICE,東京都,2512,DINASO,東京都,0,,-
Resort Anthem,BLUST OF WIND,0,,-,842,04*,東京都,1589,KT4ER1,東京都,2155,8$.,東京都,2646,DINASO,東京都
Resort Anthem,Believe In Me,0,,-,1031,MASIMO,東京都,1828,AYAK-S,東京都,2414,NIKE.,東京都,0,,-
Resort Anthem,ANTHEM LANDING,0,,-,945,WLEN7,東京都,1950,OY,東京都,2960,DINASO,東京都,0,,-
Resort Anthem,Answer,0,,-,776,MA2RI,東京都,1476,405,東京都,2443,MIKAMO,東京都,0,,-
Resort Anthem,ALBIDA,534,PICO,東京都,1096,KN903,東京都,1977,DICE,東京都,3033,DINASO,東京都,0,,-
Resort Anthem,Aegis,0,,-,911,04*,東京都,1368,GALAN,東京都,2373,MIKAMO,東京都,0,,-
Lincle,陽炎,0,,-,629,MA2RI,東京都,1188,CHIZ-R,東京都,2018,MIKAMO,東京都,0,,-
Lincle,衰色小町メランコリア,0,,-,788,WATAME,東京都,1383,AMIAT-,東京都,2376,NIKE.,東京都,0,,-
Lincle,蛇神,424,Y13,東京都,722,DOFLES,東京都,1485,DIST,東京都,2850,8$.,東京都,0,,-
Lincle,聖人の塔,0,,-,938,DBJACK,東京都,2060,DICE,東京都,3057,MIKAMO,東京都,0,,-
Lincle,突撃!ガラスのニーソ姫!,0,,-,639,RYU,東京都,1161,SANO,東京都,2124,EXIT,東京都,0,,-
Lincle,恋する☆宇宙戦争っ！！,511,WLEN7,東京都,907,MEW,東京都,1744,BO2LU,東京都,3625,MIKAMO,東京都,4666,MEG*,東京都
Lincle,子供の落書き帳,0,,-,892,ALT,東京都,1948,KEGA,東京都,2701,MIKAMO,東京都,0,,-
Lincle,天空の夜明け,0,,-,1352,04*,東京都,2174,DICE,東京都,4063,557,東京都,0,,-
Lincle,君のハートにロックオン,0,,-,701,SANRYU,東京都,1740,DICE,東京都,2697,DINASO,東京都,3536,YOMOGI,東京都
Lincle,ユミル,0,,-,646,DBJACK,東京都,1375,DICE,東京都,2856,8$.,東京都,0,,-
Lincle,ビューティフルレシート,339,TETU,東京都,518,04*,東京都,1191,TRI2TY,東京都,1950,MIKAMO,東京都,0,,-
Lincle,Yellow Sunrise,0,,-,758,MA2RI,東京都,1421,ELAIZA,東京都,2287,NIKE.,東京都,0,,-
Lincle,yellow head joe,0,,-,799,04*,東京都,1474,ING.,東京都,2298,EXIT,東京都,3164,MIKAMO,東京都
Lincle,YAKSHA,0,,-,1242,ARSTA,東京都,2377,DICE,東京都,3937,MIKAMO,東京都,0,,-
Lincle,WONDER WALKER,0,,-,983,ELAIZA,東京都,1899,CNN,東京都,3811,DINASO,東京都,0,,-
Lincle,Voxane,0,,-,607,ASA!0,東京都,1204,ASH,東京都,1757,1048,東京都,0,,-
Lincle,Todestrieb,0,,-,1101,DBJACK,東京都,1929,SHINPO,東京都,3453,8$.,東京都,0,,-
Lincle,TITANS RETURN,327,TETU,東京都,622,SANRYU,東京都,1526,TEN,東京都,2516,8$.,東京都,2614,557,東京都
Lincle,Thunderbolt,0,,-,1036,RYU,東京都,1877,39NYAN,東京都,3802,MIKAMO,東京都,0,,-
Lincle,The Sampling Paradise,0,,-,871,04*,東京都,1845,-DO96-,東京都,3050,DINASO,東京都,0,,-
Lincle,The Limbo,0,,-,1184,RYU,東京都,2073,EXIT,東京都,3366,DINASO,東京都,4339,MEG*,東京都
Lincle,Star Trail,0,,-,632,DBJACK,東京都,1193,ELAIZA,東京都,1876,NIKE.,東京都,2619,8$.,東京都
Lincle,Snow Goose,300,TETU,東京都,372,RYU,東京都,1360,NIKE.,東京都,2466,DINASO,東京都,0,,-
Lincle,Snake Stick,0,,-,1016,WATAME,東京都,2076,DICE,東京都,2813,MIKAMO,東京都,0,,-
Lincle,SHADE,0,,-,1092,DATTO,東京都,2051,405,東京都,2921,1048,東京都,0,,-
Lincle,Several Words,0,,-,627,MA2RI,東京都,1414,1SE,東京都,2191,NIKE.,東京都,0,,-
Lincle,Scharfrichter,0,,-,883,8KELCH,東京都,1635,DICE,東京都,2934,MIKAMO,東京都,0,,-
Lincle,SA.YO.NA.RA. SUPER STAR,0,,-,468,MA2RI,東京都,1264,GEORGE,東京都,1723,DINASO,東京都,0,,-
Lincle,Round and Round,0,,-,800,RYU,東京都,1200,FM78.3,東京都,2168,1048,東京都,0,,-
Lincle,RESISTANCE,0,,-,609,MARI*2,東京都,1292,DBJACK,東京都,2388,DINASO,東京都,0,,-
Lincle,Release The Music,0,,-,858,04*,東京都,1438,TIKTOK,東京都,2153,EXIT,東京都,0,,-
Lincle,Quick Silver,0,,-,779,MONOKO,東京都,1791,MASIMO,東京都,2689,DINASO,東京都,0,,-
Lincle,quaver♪,289,DIST,東京都,709,RYU,東京都,2132,GEORGE,東京都,3456,MIKAMO,東京都,0,,-
Lincle,QUANTUM TELEPORTATION,0,,-,1361,EIEIEI,東京都,2417,PICO,東京都,2966,DINASO,東京都,3649,557,東京都
Lincle,prompt,0,,-,956,#PERAO,東京都,1593,-DO96-,東京都,2815,DCSYHI,東京都,0,,-
Lincle,Phoenix,0,,-,903,MEW,東京都,1169,8KELCH,東京都,2513,8$.,東京都,3998,MEG*,東京都
Lincle,NNRT,0,,-,1230,WATAME,東京都,2557,DICE,東京都,3521,DINASO,東京都,0,,-
Lincle,Miami Sunset Drive,0,,-,624,KITTYO,東京都,1037,CHIZ-R,東京都,1681,NIKE.,東京都,0,,-
Lincle,Mermaid girl-秋葉工房 MIX-,0,,-,812,MA2RI,東京都,1310,YUKIGH,東京都,2060,NIKE.,東京都,0,,-
Lincle,Lucky Days,0,,-,659,DBJACK,東京都,1467,RUDDLE,東京都,2213,NIKE.,東京都,0,,-
Lincle,LOVE B.B.B,0,,-,786,04*,東京都,1482,K!K!,東京都,2034,NIKE.,東京都,0,,-
Lincle,Liquid Crystal Girl feat. echo,0,,-,404,SANRYU,東京都,1095,MASIMO,東京都,2022,DINASO,東京都,0,,-
Lincle,LETHEBOLG ～双神威に斬り咲けり～,0,,-,982,IIDX31,東京都,1625,TRI2TY,東京都,2220,DINASO,東京都,0,,-
Lincle,LAX5 feat.Ryota Yoshinari,0,,-,1069,MONOKO,東京都,2084,ELAIZA,東京都,2845,RIN,東京都,0,,-
Lincle,Infinite cave,0,,-,1022,MEW,東京都,1522,MIRA*,東京都,2077,DINASO,東京都,0,,-
Lincle,In the Blackest Den,0,,-,817,RYO2,東京都,1640,DINASO,東京都,2660,DINASO,東京都,0,,-
Lincle,I'm so Happy,316,ALIMTA,東京都,422,04*,東京都,1360,IIDX31,東京都,2361,RIN,東京都,0,,-
Lincle,HAERETICUS,0,,-,825,SO902I,東京都,1928,DICE,東京都,3102,DINASO,東京都,0,,-
Lincle,GIGANT,0,,-,578,ZAQRO,東京都,1177,TETU,東京都,1773,NIKE.,東京都,2952,MIKAMO,東京都
Lincle,Follow Tomorrow,0,,-,912,04*,東京都,1492,405,東京都,2276,8$.,東京都,0,,-
Lincle,Flip Flap,279,TETU,東京都,576,WATAME,東京都,1368,DIST,東京都,2270,NIKE.,東京都,0,,-
Lincle,fffff,0,,-,859,04*,東京都,2059,GEORGE,東京都,3178,DINASO,東京都,0,,-
Lincle,Far east nightbird,358,Y13,東京都,525,RYU,東京都,1322,7CHOMO,東京都,2043,DINASO,東京都,0,,-
Lincle,F,0,,-,1064,04*,東京都,2121,DICE,東京都,3601,DINASO,東京都,0,,-
Lincle,Express Emotion,0,,-,769,04*,東京都,1042,IKKI,東京都,2532,NIKE.,東京都,0,,-
Lincle,Drive Me Crazy,0,,-,716,RYU,東京都,1394,TOSHI,東京都,2311,NIKE.,東京都,0,,-
Lincle,DIAVOLO,0,,-,1306,DICE,東京都,1904,DICE,東京都,3303,MIKAMO,東京都,0,,-
Lincle,Change the World,0,,-,824,04*,東京都,1390,MASIMO,東京都,1859,NIKE.,東京都,0,,-
Lincle,Castle on the Moon,241,WLEN7,東京都,648,WATAME,東京都,1614,CITRUS,東京都,2453,DINASO,東京都,0,,-
Lincle,CALL,0,,-,370,04*,東京都,825,RAINAG,東京都,1467,NIKE.,東京都,0,,-
Lincle,BLACK.by X-Cross Fade,0,,-,1012,ELAIZA,東京都,2182,DICE,東京都,3429,MIKAMO,東京都,0,,-
Lincle,ANAGRAMS I to Y,0,,-,896,MA2RI,東京都,1687,ERROR!,東京都,2488,NIKE.,東京都,0,,-
Lincle,Almace,0,,-,863,04*,東京都,1272,YUKIGH,東京都,2019,DINASO,東京都,0,,-
Lincle,532nm,0,,-,567,BAN-ZO,東京都,1269,DICE,東京都,2680,DINASO,東京都,0,,-
Lincle,24th Century BOY,0,,-,843,DBJACK,東京都,1918,KURA,東京都,2890,MIKAMO,東京都,0,,-
tricoro,龍と少女とデコヒーレンス,0,,-,848,ELAIZA,東京都,1716,1048,東京都,3018,NAGACH,東京都,3401,DINASO,東京都
tricoro,音楽,0,,-,838,CHIZ,東京都,1986,DICE,東京都,2851,MEG*,東京都,0,,-
tricoro,狂イ咲ケ焔ノ華,0,,-,1211,MA2RI,東京都,2437,DICE,東京都,3679,DINASO,東京都,0,,-
tricoro,梅雪夜,0,,-,878,BILL,東京都,1460,MASIMO,東京都,2157,NIKE.,東京都,0,,-
tricoro,朧,208,LASK,東京都,790,04*,東京都,1484,ELAIZA,東京都,2119,DINASO,東京都,2554,8$.,東京都
tricoro,即席！脳直★ミュージックシステム,0,,-,1033,MASIMO,東京都,2046,557,東京都,3617,DINASO,東京都,0,,-
tricoro,創世ノート,0,,-,807,SANRYU,東京都,1915,MIRA*,東京都,3002,8$.,東京都,0,,-
tricoro,仮想空間の旅人たち,0,,-,1174,PICO,東京都,2171,SYOMO7,東京都,2893,DINASO,東京都,3859,MIKAMO,東京都
tricoro,下弦の月,0,,-,927,BAN-ZO,東京都,1407,ELAIZA,東京都,1998,NIKE.,東京都,0,,-
tricoro,ラキラキ,0,,-,655,MA2RI,東京都,1437,SO902I,東京都,1997,NIKE.,東京都,0,,-
tricoro,メイメツ、フラグメンツ,0,,-,646,DIST,東京都,1296,TIKTOK,東京都,1965,NAGACH,東京都,0,,-
tricoro,トリカゴノ鳳凰,0,,-,1129,MASIMO,東京都,2004,DIST,東京都,3833,DINASO,東京都,0,,-
tricoro,シュレーディンガーの猫,0,,-,1122,MONOKO,東京都,2349,DICE,東京都,3415,DINASO,東京都,0,,-
tricoro,キャトられ恋はモ～モク,0,,-,1460,MASIMO,東京都,2636,DICE,東京都,3875,MIKAMO,東京都,0,,-
tricoro,カジノファイヤーことみちゃん,0,,-,652,U76NER,東京都,1455,-DO96-,東京都,2489,DINASO,東京都,0,,-
tricoro,アストライアの双皿,0,,-,678,DIST,東京都,2109,IIDX31,東京都,3204,DINASO,東京都,0,,-
tricoro,たまゆら,0,,-,1153,8KELCH,東京都,1887,DICE,東京都,2788,MIKAMO,東京都,0,,-
tricoro,お米の美味しい炊き方、そしてお米を食べることによるその効果。,0,,-,894,04*,東京都,1537,DBJACK,東京都,2233,MIKAMO,東京都,3720,MIKAMO,東京都
tricoro,†渚の小悪魔ラヴリィ～レイディオ†(IIDX EDIT),242,UZ.W*,東京都,552,SUBARU,東京都,1691,DICE,東京都,3609,MIKAMO,東京都,0,,-
tricoro,ΕΛΠΙΣ,0,,-,1142,DBJACK,東京都,2062,DICE,東京都,3175,DINASO,東京都,3630,MIKAMO,東京都
tricoro,Zirkfied,0,,-,985,CHLORO,東京都,2045,DICE,東京都,3865,MIKAMO,東京都,0,,-
tricoro,ZED,0,,-,917,MONOKO,東京都,1677,TRI2TY,東京都,2794,MIKAMO,東京都,0,,-
tricoro,VEGA,0,,-,1143,BENZ.,東京都,2015,ELAIZA,東京都,3148,NIKE.,東京都,0,,-
tricoro,VALLIS-NERIA,270,PICO,東京都,1193,MONOKO,東京都,2118,DICE,東京都,2990,MIKAMO,東京都,0,,-
tricoro,Valanga,0,,-,1320,ELAIZA,東京都,2202,DICE,東京都,3271,MIKAMO,東京都,0,,-
tricoro,True Blue,0,,-,1068,BAN-ZO,東京都,2539,DICE,東京都,3773,DINASO,東京都,0,,-
tricoro,Timepiece phase II (CN Ver.),0,,-,983,04*,東京都,1942,PICO,東京都,3022,MIKAMO,東京都,0,,-
tricoro,Timepiece phase II,0,,-,1073,04*,東京都,2171,DUXY.,東京都,3283,DINASO,東京都,0,,-
tricoro,Time To Empress,0,,-,914,BAN-ZO,東京都,1907,AMIAT-,東京都,2632,DINASO,東京都,0,,-
tricoro,Thor's Hammer,0,,-,961,RYU,東京都,1827,DICE,東京都,3113,MIKAMO,東京都,0,,-
tricoro,Take My Life,0,,-,933,FOON,東京都,1566,ARIOSO,東京都,2955,DINASO,東京都,0,,-
tricoro,Synergy For Angels,0,,-,915,RYU,東京都,1689,GALAN,東京都,2785,DINASO,東京都,0,,-
tricoro,SYNC-ANTHEM,0,,-,959,04*,東京都,2472,DICE,東京都,3694,DINASO,東京都,0,,-
tricoro,STULTI,0,,-,770,WLEN7,東京都,1641,DICE,東京都,2783,DINASO,東京都,0,,-
tricoro,Sol Cosine Job 2,0,,-,1071,MEW,東京都,1765,Y13,東京都,3193,DINASO,東京都,0,,-
tricoro,SHION,0,,-,672,04*,東京都,1308,IKKI,東京都,2713,NIKE.,東京都,0,,-
tricoro,Shining World,0,,-,1252,04*,東京都,1602,GALAN,東京都,1951,8$.,東京都,0,,-
tricoro,Saturn,0,,-,1339,AMIAT-,東京都,2035,-DO96-,東京都,2646,DINASO,東京都,3510,DINASO,東京都
tricoro,S!ck,0,,-,921,04*,東京都,1570,DICE,東京都,2729,MIKAMO,東京都,0,,-
tricoro,rumrum triplets,0,,-,977,04*,東京都,1997,DICE,東京都,3066,DINASO,東京都,0,,-
tricoro,Reflection Into the EDEN,0,,-,805,Y13,東京都,1457,PICO,東京都,2182,MIKAMO,東京都,0,,-
tricoro,Re:GENERATION,243,KIKO,東京都,948,RYU,東京都,1536,TRI2TY,東京都,2284,DINASO,東京都,0,,-
tricoro,Rainbow after snow,0,,-,726,MA2RI,東京都,1457,LAIKA,東京都,2177,8$.,東京都,0,,-
tricoro,Proof of the existence,0,,-,1188,MEW,東京都,2134,ERAKIS,東京都,3261,DINASO,東京都,0,,-
tricoro,Praludium,0,,-,702,RYU,東京都,1422,MASIMO,東京都,2305,557,東京都,0,,-
tricoro,POINT ZERO,0,,-,738,04*,東京都,1302,SHINPO,東京都,2119,DINASO,東京都,0,,-
tricoro,planarian,0,,-,719,04*,東京都,1702,-DO96-,東京都,2551,NAGACH,東京都,0,,-
tricoro,Plan 8,0,,-,1190,04*,東京都,2231,DICE,東京都,3255,RIN,東京都,0,,-
tricoro,New Lights,0,,-,1037,MONOKO,東京都,1805,39NYAN,東京都,2488,DINASO,東京都,0,,-
tricoro,New Decade IIDX Edition,270,BAN-ZO,東京都,1001,04*,東京都,1944,AMIAT-,東京都,3053,8$.,東京都,0,,-
tricoro,neu,198,PANNA,東京都,1003,04*,東京都,2171,DICE,東京都,3956,DINASO,東京都,0,,-
tricoro,Neonlights,0,,-,643,BAN-ZO,東京都,1627,1048,東京都,2242,NIKE.,東京都,0,,-
tricoro,mnemoniq,0,,-,522,RYU,東京都,921,ELAIZA,東京都,1313,8$.,東京都,0,,-
tricoro,LUV CAN SAVE U,0,,-,583,RYU,東京都,1428,-DO96-,東京都,2137,NIKE.,東京都,2811,NIKE.,東京都
tricoro,Little Star,0,,-,971,MASIMO,東京都,1749,OY,東京都,3225,DINASO,東京都,0,,-
tricoro,Light and Cyber…,0,,-,1000,MARI*2,東京都,2056,-DO96-,東京都,3141,8$.,東京都,0,,-
tricoro,Liberation,0,,-,1480,MONOKO,東京都,2337,TKW9ON,東京都,3742,EXIT,東京都,0,,-
tricoro,JOMANDA,261,1KCAL,東京都,1141,AK0,東京都,2437,DICE,東京都,3760,MIKAMO,東京都,0,,-
tricoro,In Heaven,0,,-,771,04*,東京都,1461,GALAN,東京都,2141,DINASO,東京都,0,,-
tricoro,Illegal Function Call,0,,-,1015,04*,東京都,1850,MIKAMO,東京都,2709,557,東京都,3825,MIKAMO,東京都
tricoro,ILIAS,0,,-,773,SANRYU,東京都,1302,GALAN,東京都,2205,8$.,東京都,0,,-
tricoro,I know You know,0,,-,608,04*,東京都,1150,TATSU,東京都,1894,8$.,東京都,0,,-
tricoro,Howling,0,,-,558,RYU,東京都,1352,TEN,東京都,2127,NIKE.,東京都,2686,1048,東京都
tricoro,Hollywood Galaxy,0,,-,1087,DBJACK,東京都,2018,DICE,東京都,2751,MIKAMO,東京都,0,,-
tricoro,GRADIUS 2012,0,,-,927,04*,東京都,1665,ELAIZA,東京都,2734,8$.,東京都,0,,-
tricoro,GAIA,0,,-,1043,04*,東京都,2237,DICE,東京都,3331,MIKAMO,東京都,0,,-
tricoro,Fly you to the star,0,,-,782,RYU,東京都,1607,TIKTOK,東京都,2283,8$.,東京都,0,,-
tricoro,FLOWER,359,MONOKO,東京都,1124,RYU,東京都,1806,*SHO5*,東京都,2912,RIN,東京都,0,,-
tricoro,examination leave,0,,-,1148,MONOKO,東京都,1866,MATCH,東京都,3410,8$.,東京都,0,,-
tricoro,Elemental Creation,263,TETU,東京都,1501,MEW,東京都,2412,-DO96-,東京都,4229,MEG*,東京都,0,,-
tricoro,Devilz Staircase,0,,-,655,ZAQRO,東京都,2190,DICE,東京都,3300,8$.,東京都,0,,-
tricoro,DAY DREAM,0,,-,540,SOUTHF,東京都,1287,DICE,東京都,2091,MIKAMO,東京都,0,,-
tricoro,Cookie Bouquets,0,,-,886,04*,東京都,2140,DICE,東京都,3417,KT4ER1,東京都,0,,-
tricoro,connective,0,,-,406,04*,東京都,1095,BILL,東京都,1609,NIKE.,東京都,0,,-
tricoro,Confiserie,0,,-,967,04*,東京都,2121,DICE,東京都,3607,MEG*,東京都,0,,-
tricoro,CONCEPTUAL,0,,-,817,MASIMO,東京都,1310,8KELCH,東京都,2739,8$.,東京都,0,,-
tricoro,BRAVE GLOW,0,,-,814,MA2RI,東京都,1726,-DO96-,東京都,2509,8$.,東京都,0,,-
tricoro,BLUE STRAGGLER,0,,-,866,U76NER,東京都,1420,EIEIEI,東京都,2635,MIKAMO,東京都,0,,-
tricoro,Beastie Starter,0,,-,529,SANRYU,東京都,1309,RENNE,東京都,2224,MIKAMO,東京都,0,,-
tricoro,Ascalon,0,,-,1137,04*,東京都,1780,AMIAT-,東京都,2330,NIKE.,東京都,0,,-
tricoro,8bit Princess,0,,-,651,DIST,東京都,1374,CH-RH,東京都,2636,DINASO,東京都,0,,-
tricoro,405nm (Ryu☆mix),0,,-,924,ELAIZA,東京都,1774,MARU-N,東京都,2586,RIN,東京都,0,,-
SPADA,轟け！恋のビーンボール！！,0,,-,1047,MONOKO,東京都,1948,DICE,東京都,3592,MEG*,東京都,0,,-
SPADA,超!!遠距離らぶメ～ル,0,,-,574,SPA-RN,東京都,1521,TIKTOK,東京都,2686,NIKE.,東京都,0,,-
SPADA,罪と罰,0,,-,1092,MONOKO,東京都,1384,S-RAN,東京都,2185,NIKE.,東京都,0,,-
SPADA,疾風迅雷,0,,-,1158,RIE-K*,東京都,2092,DICE,東京都,2944,MIKAMO,東京都,3484,DINASO,東京都
SPADA,牧神笛吹きて,0,,-,742,BAN-ZO,東京都,1341,RUDDLE,東京都,2075,MIKAMO,東京都,0,,-
SPADA,煉獄のエルフェリア,0,,-,1349,8KELCH,東京都,2369,AKANE,東京都,3900,FUCHU,東京都,0,,-
SPADA,海神,0,,-,1128,MEW,東京都,2149,NAOTIN,東京都,3215,MIKAMO,東京都,3605,MIKAMO,東京都
SPADA,旋律のドグマ～Miserables～,0,,-,1247,MONOKO,東京都,2509,PICO,東京都,3971,8$.,東京都,0,,-
SPADA,廿,0,,-,944,WATAME,東京都,1664,RUDDLE,東京都,2403,DINASO,東京都,3386,1048,東京都
SPADA,バンブーソード・ガール,268,WLEN7,東京都,998,KAN,東京都,1752,MASIMO,東京都,2486,MIKAMO,東京都,0,,-
SPADA,デッドボヲルdeホームラン,0,,-,624,WLEN7,東京都,1591,GEORGE,東京都,2797,DINASO,東京都,0,,-
SPADA,アルストロメリア,216,TETU,東京都,981,RYU,東京都,1596,PICO,東京都,2500,NIKE.,東京都,0,,-
SPADA,お願いアインシュタイン,0,,-,883,MONOKO,東京都,1471,DIST,東京都,2127,DINASO,東京都,0,,-
SPADA,Wonder Girl feat. Kanae Asaba,0,,-,717,MA2RI,東京都,1262,8KELCH,東京都,2821,DINASO,東京都,0,,-
SPADA,VOX UP,0,,-,1503,LEONE,東京都,2882,PICO,東京都,3633,MIKAMO,東京都,0,,-
SPADA,Verflucht,0,,-,1285,04*,東京都,2110,DICE,東京都,3577,INAMUG,東京都,4751,MEG*,東京都
SPADA,Valgus,0,,-,659,WLEN7,東京都,1321,ELAIZA,東京都,2374,DCSYHI,東京都,0,,-
SPADA,Unicorn tail,0,,-,842,SO902I,東京都,2033,GEORGE,東京都,3166,MIKAMO,東京都,0,,-
SPADA,THE DETONATOR,0,,-,1625,DBJACK,東京都,2502,DICE,東京都,3233,8$.,東京都,0,,-
SPADA,Squeeze,0,,-,836,MONOKO,東京都,1419,ARIOSO,東京都,2495,DINASO,東京都,0,,-
SPADA,Sigmund,0,,-,1533,BILL,東京都,2418,NAOTIN,東京都,3904,MIKAMO,東京都,4442,MEG*,東京都
SPADA,SCHWARZSCHILD FIELD,0,,-,925,RYU,東京都,1641,DICE,東京都,2421,MIKAMO,東京都,0,,-
SPADA,RIZING YOU UP,0,,-,1070,SPA-RN,東京都,2120,MIRA*,東京都,2584,NIKE.,東京都,0,,-
SPADA,RISE,0,,-,896,SNGK,東京都,1376,SHINPO,東京都,1894,NIKE.,東京都,0,,-
SPADA,refractive index,0,,-,741,DIST,東京都,1451,-DO96-,東京都,2712,MIKAMO,東京都,0,,-
SPADA,Recollection,0,,-,1165,MONOKO,東京都,1753,405,東京都,2235,NIKE.,東京都,0,,-
SPADA,rainbow guitar weeps,0,,-,959,BAN-ZO,東京都,1806,MIRA*,東京都,2792,MIKAMO,東京都,0,,-
SPADA,ra'am,0,,-,1254,MASSU,東京都,1927,DICE,東京都,2835,DINASO,東京都,0,,-
SPADA,PUNISHER,0,,-,1153,04*,東京都,2121,GEORGE,東京都,3584,MEG*,東京都,0,,-
SPADA,Pharaoh,0,,-,658,RYU,東京都,1390,RIE-K*,東京都,2473,NIKE.,東京都,0,,-
SPADA,Overload Frontier,0,,-,756,SANRYU,東京都,1835,SOUTHF,東京都,2651,MIKAMO,東京都,0,,-
SPADA,Odin,0,,-,761,SANRYU,東京都,1386,DBJACK,東京都,2075,NIKE.,東京都,0,,-
SPADA,NPC World,0,,-,1020,39NYAN,東京都,1523,ORNG,東京都,2299,MIKAMO,東京都,0,,-
SPADA,Miracle 5ympho X,0,,-,776,04*,東京都,1301,GEORGE,東京都,2649,MIKAMO,東京都,3022,EXIT,東京都
SPADA,MAGIC & LOVE,0,,-,1031,PICO,東京都,1855,PICO,東京都,2950,DINASO,東京都,0,,-
SPADA,MAD ATTACK,0,,-,685,04*,東京都,1255,FM78.3,東京都,1973,NIKE.,東京都,2720,MIKAMO,東京都
SPADA,m1dy Deluxe,0,,-,1190,1048,東京都,1829,DCSYHI,東京都,2651,MIKAMO,東京都,0,,-
SPADA,M.D.Injection,0,,-,591,SANRYU,東京都,1232,FIDBIY,東京都,2446,557,東京都,0,,-
SPADA,Lighting Shower,0,,-,825,04*,東京都,1377,-DO96-,東京都,2433,DINASO,東京都,0,,-
SPADA,Last Dance,0,,-,1224,04*,東京都,2034,DICE,東京都,3260,MIKAMO,東京都,0,,-
SPADA,KHAMEN BREAK,0,,-,589,RYU,東京都,1442,PICO,東京都,2529,MIKAMO,東京都,0,,-
SPADA,KAISER PHOENIX,0,,-,1345,-DO96-,東京都,2287,DICE,東京都,3310,1048,東京都,3962,MEG*,東京都
SPADA,IX,0,,-,1312,DINASO,東京都,2468,NIKE.,東京都,3940,MIKAMO,東京都,0,,-
SPADA,invoker,0,,-,1099,WATAME,東京都,1988,PICO,東京都,3220,DINASO,東京都,3621,DINASO,東京都
SPADA,into the battlefield,0,,-,743,SPA-RN,東京都,1447,ERROR!,東京都,2382,8$.,東京都,0,,-
SPADA,INSOMNIA,0,,-,803,MA2RI,東京都,1828,DELAY,東京都,3241,MIKAMO,東京都,0,,-
SPADA,Insane Techniques,0,,-,739,RYU,東京都,1277,8KELCH,東京都,2508,DINASO,東京都,0,,-
SPADA,Idola,0,,-,1222,LEONE,東京都,2315,-DO96-,東京都,3615,DINASO,東京都,0,,-
SPADA,I will be back -オレは帰ってきた-,0,,-,1009,39NYAN,東京都,1936,DBJACK,東京都,2969,MIKAMO,東京都,0,,-
SPADA,Hypersonik,0,,-,1005,8KELCH,東京都,1698,MASIMO,東京都,2538,RIN,東京都,0,,-
SPADA,HYENA,0,,-,1173,MASIMO,東京都,1924,I-NO,東京都,2852,8$.,東京都,0,,-
SPADA,Funny shuffle,0,,-,611,BAN-ZO,東京都,1113,FM78.3,東京都,2364,MIKAMO,東京都,0,,-
SPADA,Feel The Beat,0,,-,1345,DIST,東京都,2208,DICE,東京都,3624,DINASO,東京都,4363,MIKAMO,東京都
SPADA,EXTREME MACH COLLIDER,0,,-,992,EKS,東京都,1476,GALAN,東京都,2595,DINASO,東京都,0,,-
SPADA,Engraved Mark,0,,-,788,BAN-ZO,東京都,1376,-DO96-,東京都,2423,NIKE.,東京都,0,,-
SPADA,Element of SPADA,0,,-,693,MA2RI,東京都,1350,AGOCHU,東京都,2091,NIKE.,東京都,3111,NAGACH,東京都
SPADA,Elektrick U-Phoria,0,,-,1170,MONOKO,東京都,1949,ISHII,東京都,3120,NIKE.,東京都,4022,MEG*,東京都
SPADA,diagram,0,,-,631,SANRYU,東京都,1281,DICE,東京都,2907,MIKAMO,東京都,0,,-
SPADA,Devilz Sacrifice -贖罪の羊-,0,,-,956,YOMOGI,東京都,1735,IIDX31,東京都,2505,NIKE.,東京都,0,,-
SPADA,DARK LEGACY,0,,-,1346,PICO,東京都,2123,NIKE.,東京都,3606,MIKAMO,東京都,0,,-
SPADA,Dark Fall,0,,-,868,DBJACK,東京都,1567,ARIOSO,東京都,2796,DINASO,東京都,0,,-
SPADA,Critical Crystal,223,MONOKO,東京都,1099,F.MAXX,東京都,1843,ERROR!,東京都,2965,MIKAMO,東京都,0,,-
SPADA,Close the World feat.a☆ru,0,,-,1139,WATAME,東京都,2088,YANO.Y,東京都,3451,MIKAMO,東京都,3912,MIKAMO,東京都
SPADA,Cleopatrysm,0,,-,828,04*,東京都,1424,MXXXO.,東京都,2629,DINASO,東京都,0,,-
SPADA,Claiomh Solais,0,,-,341,CIRCE*,東京都,1408,WLEN7,東京都,2103,NIKE.,東京都,0,,-
SPADA,BRAVE OUT,0,,-,1022,DBJACK,東京都,1499,TIKTOK,東京都,2175,NIKE.,東京都,0,,-
SPADA,BRAINSTORM,0,,-,755,-FRAN-,東京都,1986,DICE,東京都,2830,MIKAMO,東京都,0,,-
SPADA,BLUE DRAGON(雷龍RemixIIDX),0,,-,1479,MEW,東京都,2279,DICE,東京都,3405,DINASO,東京都,0,,-
SPADA,ATHER,0,,-,1000,WATAME,東京都,1567,SO902I,東京都,2849,NIKE.,東京都,3200,RENNE,東京都
SPADA,Ancient Scapes,0,,-,1201,PICO,東京都,2119,PICO,東京都,3519,DINASO,東京都,4294,MIKAMO,東京都
SPADA,ALBA -黎明-,0,,-,651,RYU,東京都,1506,RUDDLE,東京都,3254,DINASO,東京都,0,,-
SPADA,Adularia,199,BAN-ZO,東京都,1056,BILL,東京都,1893,DICE,東京都,2884,MIKAMO,東京都,0,,-
PENDUAL,Ｘ↑Ｘ↓,0,,-,928,SO902I,東京都,1701,ARIOSO,東京都,2949,DINASO,東京都,0,,-
PENDUAL,鬼天,0,,-,1005,MINTEA,東京都,1666,CUFFS,東京都,2506,DINASO,東京都,0,,-
PENDUAL,超青少年ノ為ノ超多幸ナ超古典的超舞曲,0,,-,1024,ST,東京都,2040,HOKU-G,東京都,2698,1048,東京都,4101,YOMOGI,東京都
PENDUAL,表裏一体！？怪盗いいんちょの悩み,0,,-,1119,39NYAN,東京都,2182,DICE,東京都,3605,DINASO,東京都,4552,MEG*,東京都
PENDUAL,紅牡丹,497,Y13,東京都,1063,DIST,東京都,1805,DICE,東京都,2871,RIN,東京都,0,,-
PENDUAL,白露の風,0,,-,476,BILL,東京都,1230,MASIMO,東京都,2034,NIKE.,東京都,0,,-
PENDUAL,時空トラベローグ,0,,-,969,CHRONO,東京都,1889,SHINPO,東京都,2713,MIKAMO,東京都,0,,-
PENDUAL,打打打打打打打打打打,199,TETU,東京都,817,RYU,東京都,1361,CUFFS,東京都,2667,DINASO,東京都,0,,-
PENDUAL,恋は白帯、サンシロー,0,,-,738,MA2RI,東京都,1317,DIST,東京都,2039,DINASO,東京都,2778,8$.,東京都
PENDUAL,少年は空を辿る,0,,-,1254,MONOKO,東京都,2133,INARI,東京都,3388,DINASO,東京都,0,,-
PENDUAL,妖隠し -あやかしかくし-,0,,-,963,MASIMO,東京都,1583,PICO,東京都,2203,NIKE.,東京都,0,,-
PENDUAL,夏色DIARY - L.E.D.-G STYLE MIX -,0,,-,995,MEW,東京都,1980,DICE,東京都,3147,MIKAMO,東京都,0,,-
PENDUAL,取り残された美術(Arranged:HiZuMi),251,WLEN7,東京都,979,PICO,東京都,1749,PICO,東京都,2220,NIKE.,東京都,0,,-
PENDUAL,千年ノ理,0,,-,1198,1048,東京都,1970,DICE,東京都,3203,DINASO,東京都,4308,8$.,東京都
PENDUAL,十六夜セツナ,0,,-,1015,WLEN7,東京都,1581,ARIOSO,東京都,2254,NIKE.,東京都,0,,-
PENDUAL,共鳴遊戯の華,0,,-,1322,MEW,東京都,2478,DICE,東京都,3910,FREAKY,東京都,0,,-
PENDUAL,リリーゼと炎龍レーヴァテイン,0,,-,998,MONOKO,東京都,2326,DICE,東京都,3510,MIKAMO,東京都,0,,-
PENDUAL,ベィスドロップ・フリークス,0,,-,642,04*,東京都,1258,8KELCH,東京都,2279,MIKAMO,東京都,2489,MIKAMO,東京都
PENDUAL,パ→ピ→プ→Yeah!,375,TETU,東京都,1033,DBJACK,東京都,1607,-DO96-,東京都,2552,FUCHU,東京都,0,,-
PENDUAL,ドッキン☆サマーあばんちゅーる,0,,-,998,END-DJ,東京都,1760,CUFFS,東京都,2886,MIKAMO,東京都,0,,-
PENDUAL,もっと！モット！ときめき feat. 松下,0,,-,1325,BILL-R,東京都,1983,DIST,東京都,2784,8$.,東京都,0,,-
PENDUAL,ぷろぐれっしぶ時空少女！うらしまたろ子ちゃん！,0,,-,895,MEW,東京都,1479,8KELCH,東京都,2556,DINASO,東京都,0,,-
PENDUAL,とろぴかる倶楽部,0,,-,811,BILL,東京都,1391,CHIZ-R,東京都,2302,DINASO,東京都,0,,-
PENDUAL,それは花火のような恋,708,Y13,東京都,1275,EIEIEI,東京都,2577,DICE,東京都,3911,DINASO,東京都,0,,-
PENDUAL,ZZ,203,SANRYU,東京都,1298,DBJACK,東京都,2032,DICE,東京都,3068,MIKAMO,東京都,0,,-
PENDUAL,We're so Happy (P*Light Remix) IIDX ver.,0,,-,1149,MONOKO,東京都,2333,DICE,東京都,3731,RENNE,東京都,0,,-
PENDUAL,Vulkan,0,,-,1051,04*,東京都,2002,MIRA*,東京都,3026,NIKE.,東京都,0,,-
PENDUAL,TOXIC VIBRATION,0,,-,1630,MEW,東京都,2441,-DO96-,東京都,3808,MIKAMO,東京都,0,,-
PENDUAL,TIEFSEE,0,,-,1271,MASIMO,東京都,2171,-DO96-,東京都,3487,1048,東京都,0,,-
PENDUAL,The Least 100sec,0,,-,816,04*,東京都,1494,EXIT,東京都,2960,DINASO,東京都,0,,-
PENDUAL,TA・DA ☆ YO・SHI,0,,-,1126,RYU,東京都,1642,GEORGE,東京都,2339,NIKE.,東京都,0,,-
PENDUAL,Symmetry,0,,-,1163,MEW,東京都,2142,NAOTIN,東京都,3285,DINASO,東京都,0,,-
PENDUAL,Sweet Radar,0,,-,676,DINASO,東京都,1376,NIKE.,東京都,2038,NIKE.,東京都,0,,-
PENDUAL,SpaceLand☆TOYBOX,0,,-,1080,MASIMO,東京都,1787,DINASO,東京都,2976,8$.,東京都,0,,-
PENDUAL,Sounds Of Summer,0,,-,1243,MONOKO,東京都,2119,DICE,東京都,3006,DINASO,東京都,0,,-
PENDUAL,Shooting Fireball,0,,-,948,MA2RI,東京都,2307,DICE,東京都,3931,MIKAMO,東京都,0,,-
PENDUAL,Scars of FAUNA,0,,-,849,RYU,東京都,1727,DICE,東京都,2927,8$.,東京都,0,,-
PENDUAL,Scarlet Moon,0,,-,1076,RYU,東京都,1875,CUFFS,東京都,2762,DINASO,東京都,0,,-
PENDUAL,Say YEEEAHH,0,,-,1128,MONOKO,東京都,1855,ENMT!!,東京都,3309,8$.,東京都,0,,-
PENDUAL,SAMSARA,0,,-,843,MASIMO,東京都,1459,-DO96-,東京都,2061,NIKE.,東京都,0,,-
PENDUAL,Sakura Mirage,0,,-,997,WLEN7,東京都,1351,CUFFS,東京都,2367,RIN,東京都,0,,-
PENDUAL,Reflux,0,,-,795,RYU,東京都,1587,405,東京都,3063,MIKAMO,東京都,0,,-
PENDUAL,Realize Maze,0,,-,1264,MEW,東京都,2068,CUFFS,東京都,2994,DINASO,東京都,0,,-
PENDUAL,Rave*it!! Rave*it!!,0,,-,1016,YAMYAM,東京都,1693,MARU-N,東京都,3296,MIKAMO,東京都,0,,-
PENDUAL,PENDUAL TALISMAN,0,,-,1034,DIST,東京都,1609,ELAIZA,東京都,2621,8$.,東京都,0,,-
PENDUAL,On My Wings(Hardstyle IIDX),0,,-,926,04*,東京都,1264,ELAIZA,東京都,1992,1048,東京都,0,,-
PENDUAL,No Tears,0,,-,1133,IIDX31,東京都,2036,#PERAO,東京都,2553,557,東京都,0,,-
PENDUAL,Night sky,0,,-,1195,04*,東京都,1854,MIRA*,東京都,2958,MIKAMO,東京都,0,,-
PENDUAL,NEO GENERATOR SEVEN,0,,-,926,DIST,東京都,1934,PICO,東京都,3327,MIKAMO,東京都,0,,-
PENDUAL,Monopole.,0,,-,795,WLEN7,東京都,1628,MASIMO,東京都,3388,8$.,東京都,0,,-
PENDUAL,Line 4 Ruin,0,,-,708,PARNI!,東京都,1810,-DO96-,東京都,2798,DINASO,東京都,0,,-
PENDUAL,IXION,0,,-,1086,8KELCH,東京都,1752,ELAIZA,東京都,2170,NIKE.,東京都,0,,-
PENDUAL,Invitation from Mr.C,0,,-,1157,MONOKO,東京都,1601,PTN***,東京都,2762,557,東京都,0,,-
PENDUAL,In The Breeze,0,,-,670,04*,東京都,1182,557,東京都,1781,NIKE.,東京都,0,,-
PENDUAL,IMPLANTATION,0,,-,670,PICO,東京都,1732,DICE,東京都,2315,MIKAMO,東京都,0,,-
PENDUAL,illuminate,0,,-,605,ASA,東京都,1493,ASH,東京都,2328,NAGACH,東京都,0,,-
PENDUAL,Hello Happiness,0,,-,892,UZ.W*,東京都,1594,ARIOSO,東京都,2363,DINASO,東京都,0,,-
PENDUAL,HELL SCAPER -Last Escape Remix-,0,,-,978,WLEN7,東京都,1810,DICE,東京都,2888,MIKAMO,東京都,0,,-
PENDUAL,GUILTY,0,,-,1008,TETU,東京都,1559,DICE,東京都,1927,DINASO,東京都,3000,1048,東京都
PENDUAL,Gravigazer,0,,-,963,SO902I,東京都,1895,DICE,東京都,3039,DINASO,東京都,0,,-
PENDUAL,Flashes,0,,-,959,MONOKO,東京都,1837,DICE,東京都,3330,DINASO,東京都,0,,-
PENDUAL,FANTASTIC THREE,0,,-,1344,T-GEL*,東京都,2291,DICE,東京都,3219,557,東京都,0,,-
PENDUAL,fallen leaves -IIDX edition-,0,,-,1186,MEW,東京都,2118,DICE,東京都,3433,MIKAMO,東京都,0,,-
PENDUAL,Erosion Mark,0,,-,807,PICO,東京都,1496,MASIMO,東京都,2184,DINASO,東京都,0,,-
PENDUAL,entelecheia,0,,-,1043,SIN.IX,東京都,2149,DICE,東京都,3292,MIKAMO,東京都,0,,-
PENDUAL,EBONY & IVORY,0,,-,1091,DIST,東京都,1704,GEORGE,東京都,3014,DINASO,東京都,3668,MIKAMO,東京都
PENDUAL,Discloze,0,,-,946,MONOKO,東京都,1674,CUFFS,東京都,2713,DINASO,東京都,0,,-
PENDUAL,Despair of ELFERIA,0,,-,1236,EIEIEI,東京都,2431,-DO96-,東京都,4122,YOMOGI,東京都,0,,-
PENDUAL,Cosmic Cat,0,,-,927,MONOKO,東京都,1669,RUDDLE,東京都,2323,MIKAMO,東京都,3262,1048,東京都
PENDUAL,COLOSSEUM,0,,-,582,DIST,東京都,1204,MASIMO,東京都,2312,DCSYHI,東京都,0,,-
PENDUAL,cinder,0,,-,815,BILL-R,東京都,1990,CUFFS,東京都,3168,MIKAMO,東京都,0,,-
PENDUAL,Chronos,0,,-,866,F.KTN,東京都,1357,GEORGE,東京都,2399,MIKAMO,東京都,3062,MIKAMO,東京都
PENDUAL,Chrono Diver -PENDULUMs-,554,TETU,東京都,1430,KT4ER1,東京都,2743,NEFI,東京都,4391,MEG*,東京都,0,,-
PENDUAL,CHRONO DIVER -NORNIR-,0,,-,1157,EKS,東京都,2203,1048,東京都,3119,NIKE.,東京都,4430,MIKAMO,東京都
PENDUAL,chrono diver -fragment-,0,,-,693,04*,東京都,1161,DIST,東京都,1798,NIKE.,東京都,2268,NIKE.,東京都
PENDUAL,Chain of pain,0,,-,727,SANRYU,東京都,1495,SOUTHF,東京都,2253,NIKE.,東京都,0,,-
PENDUAL,Broken Sword,0,,-,1278,DBJACK,東京都,2067,AMIAT-,東京都,3738,8$.,東京都,0,,-
PENDUAL,BLUE MIRAGE,0,,-,1184,*SHO5*,東京都,2071,DICE,東京都,3108,MIKAMO,東京都,0,,-
PENDUAL,Blaze it UP!,0,,-,962,BAN-ZO,東京都,1912,-DO96-,東京都,2991,DINASO,東京都,0,,-
PENDUAL,Beyond The Earth,0,,-,1252,DBJACK,東京都,2128,DICE,東京都,3244,DINASO,東京都,0,,-
PENDUAL,Beat Radiance,0,,-,990,04*,東京都,1595,ARIOSO,東京都,2662,NIKE.,東京都,3590,MEG*,東京都
PENDUAL,AFRO KNUCKLE,0,,-,973,RYU,東京都,1786,-DO96-,東京都,2441,MIKAMO,東京都,0,,-
PENDUAL,#The_Relentless,0,,-,1185,KAITO,東京都,1947,MASIMO,東京都,2946,RIN,東京都,0,,-
copula,麗 ～うらら～,263,TETU,東京都,1151,04*,東京都,1755,TETU,東京都,2646,DINASO,東京都,0,,-
copula,駅猫のワルツ,0,,-,1160,TETU,東京都,2188,DICE,東京都,2924,DINASO,東京都,0,,-
copula,量子の海のリントヴルム,0,,-,916,MONOKO,東京都,1796,OY,東京都,3001,DINASO,東京都,0,,-
copula,追想快晴テーマパーク,0,,-,1203,MONOKO,東京都,2117,DICE,東京都,3154,DINASO,東京都,0,,-
copula,紫陽花 -AZISAI-,421,Y13,東京都,1303,DUXY.,東京都,2121,DICE,東京都,2936,DINASO,東京都,3461,DINASO,東京都
copula,真 地獄超特急 -HELL or HELL-,0,,-,1432,*NNK*,東京都,2204,DICE,東京都,3374,MIKAMO,東京都,0,,-
copula,灼熱 Pt.2 Long Train Running,0,,-,1300,CLAZZI,東京都,2144,DINASO,東京都,3512,EXIT,東京都,0,,-
copula,朝焼けから始まるボクらの小さな旅,0,,-,964,KT4ER1,東京都,1704,MIRA*,東京都,2573,MIKAMO,東京都,0,,-
copula,星屑ディスタンシア,0,,-,698,WLEN7,東京都,1204,LLDX,東京都,2141,DINASO,東京都,0,,-
copula,明鏡止水,0,,-,866,04*,東京都,1854,TETU,東京都,2851,DINASO,東京都,0,,-
copula,少女アリスと箱庭幻想コンチェルト,0,,-,765,PICO,東京都,1472,CUFFS,東京都,2183,MIKAMO,東京都,0,,-
copula,セロトニン,0,,-,1308,MONOKO,東京都,1797,CUFFS,東京都,2369,MIKAMO,東京都,0,,-
copula,シュッパツシンコウ・シサカンコ,0,,-,1130,RYU,東京都,1782,CUFFS,東京都,2463,NIKE.,東京都,0,,-
copula,ギョギョっと人魚 爆婚ブライダル,0,,-,825,TETU,東京都,1439,TETU,東京都,2402,DINASO,東京都,0,,-
copula,オルタネイトβ,0,,-,829,DBJACK,東京都,1419,CUFFS,東京都,2267,8$.,東京都,0,,-
copula,めいさいアイドル☆あいむちゃん♪,0,,-,1512,GALAN,東京都,2359,-DO96-,東京都,3385,DINASO,東京都,0,,-
copula,か・し・ま・し☆PUMP UP！,0,,-,1214,PICO,東京都,1831,TETU,東京都,2882,DINASO,東京都,0,,-
copula,ZEPHYRANTHES,0,,-,1018,MEW,東京都,1842,TETU,東京都,2980,MIKAMO,東京都,3916,MIKAMO,東京都
copula,X,0,,-,1597,TETU,東京都,2526,EXIT,東京都,3865,8$.,東京都,0,,-
copula,Welcome,0,,-,879,04*,東京都,1831,PICO,東京都,2696,NIKE.,東京都,3360,MIKAMO,東京都
copula,Violet Rose,0,,-,1238,8KELCH,東京都,1950,PURIK2,東京都,2639,DINASO,東京都,0,,-
copula,Violet Pulse,0,,-,430,SPA-RN,東京都,1682,TETU,東京都,2480,MIKAMO,東京都,4161,DINASO,東京都
copula,Uh-Oh,0,,-,1099,MONOKO,東京都,1731,CUFFS,東京都,2439,DINASO,東京都,0,,-
copula,Triple Counter,0,,-,1430,PICO,東京都,2273,8$.,東京都,3979,MIKAMO,東京都,0,,-
copula,Tori-no-kimochi,0,,-,258,WHAAM!,東京都,1298,TETU,東京都,2041,MIKAMO,東京都,0,,-
copula,SURVIVOR,0,,-,713,DBJACK,東京都,1283,CUFFS,東京都,2027,NIKE.,東京都,0,,-
copula,Super Duper Racers,0,,-,959,04*,東京都,1593,TETU,東京都,2390,RAQUEL,東京都,0,,-
copula,StrayedCatz,0,,-,1081,TETU,東京都,2024,DICE,東京都,2909,DINASO,東京都,0,,-
copula,STARLIGHT DANCEHALL,0,,-,1245,8KELCH,東京都,1832,-DO96-,東京都,2673,MIKAMO,東京都,3370,MIKAMO,東京都
copula,STARLiGHT,0,,-,960,04*,東京都,1808,TETU,東京都,2802,MIKAMO,東京都,0,,-
copula,SHELTER OF THE MIND,0,,-,1433,DBJACK,東京都,1988,CUFFS,東京都,3073,MIKAMO,東京都,0,,-
copula,Set U Free feat. Kanae Asaba,0,,-,876,SANRYU,東京都,1557,CUFFS,東京都,2570,NIKE.,東京都,0,,-
copula,Sephirot,0,,-,963,DUXY.,東京都,1684,1048,東京都,2374,MIKAMO,東京都,0,,-
copula,Routing,0,,-,948,04*,東京都,1683,KT4ER1,東京都,2570,8$.,東京都,0,,-
copula,Rock It,0,,-,1133,SO902I,東京都,1665,CUFFS,東京都,2985,NIKE.,東京都,0,,-
copula,refrain,0,,-,1224,CIRCE*,東京都,2383,PICO,東京都,3652,DINASO,東京都,0,,-
copula,quick master (reform version),0,,-,160,405,東京都,350,SOUTHF,東京都,527,KT4ER1,東京都,0,,-
copula,POSSESSION,538,DINASO,東京都,1386,INARI,東京都,2159,DICE,東京都,3025,MIKAMO,東京都,0,,-
copula,Outbreak,0,,-,1317,TETU,東京都,1849,CUFFS,東京都,3039,8$.,東京都,0,,-
copula,On the FM,0,,-,1118,MONOKO,東京都,1589,CUFFS,東京都,2814,DINASO,東京都,0,,-
copula,NZM,0,,-,1086,DICE,東京都,1621,TETU,東京都,3513,MIKAMO,東京都,0,,-
copula,Nowhere,0,,-,788,SANRYU,東京都,1473,CUFFS,東京都,2187,NIKE.,東京都,0,,-
copula,NO LIMIT -オレ達に限界は無い-,0,,-,835,TETU,東京都,1256,-DO96-,東京都,2288,NIKE.,東京都,0,,-
copula,NINJA IS DEAD IIDX ver.,0,,-,1237,TETU,東京都,1879,TETU,東京都,3021,NIKE.,東京都,0,,-
copula,Nightmare before oversleep,0,,-,1195,DBJACK,東京都,1907,TOLIS,東京都,2965,DINASO,東京都,0,,-
copula,NANAIRO,0,,-,1067,04*,東京都,1822,ATS,東京都,2605,NIKE.,東京都,0,,-
copula,Musik LoverZ,0,,-,1023,BAN-ZO,東京都,1400,CUFFS,東京都,2523,NIKE.,東京都,0,,-
copula,M4K3 1T B0UNC3,0,,-,1399,TETU,東京都,2125,DICE,東京都,3057,DINASO,東京都,0,,-
copula,La dolce primavera,0,,-,707,TETU,東京都,1389,TETU,東京都,2185,NIKE.,東京都,0,,-
copula,Konzert V,0,,-,1273,MONOKO,東京都,2315,DICE,東京都,3385,FREAKY,東京都,0,,-
copula,Journey,0,,-,687,BAN-ZO,東京都,1226,TETU,東京都,1899,NIKE.,東京都,3161,8$.,東京都
copula,Inner Spirit,0,,-,881,RYU,東京都,1853,CUFFS,東京都,2873,DINASO,東京都,0,,-
copula,Highcharge Divolt,0,,-,899,MEW,東京都,1734,DICE,東京都,2817,MIKAMO,東京都,0,,-
copula,Grand Chariot,0,,-,1166,MEW,東京都,1928,DICE,東京都,3496,MIKAMO,東京都,0,,-
copula,Godspeed,0,,-,1081,04*,東京都,1957,DICE,東京都,3212,MIKAMO,東京都,0,,-
copula,GOBBLE,0,,-,500,04*,東京都,716,KT4ER1,東京都,1727,MIKAMO,東京都,0,,-
copula,Go Faraway,0,,-,1021,MONOKO,東京都,1503,GALAN,東京都,2508,NIKE.,東京都,0,,-
copula,Glitch Nerds,0,,-,1012,TETU,東京都,1460,1048,東京都,2280,DINASO,東京都,0,,-
copula,GENERATE feat.綾倉盟,0,,-,1132,TETU,東京都,1757,TETU,東京都,2361,1048,東京都,0,,-
copula,Exchange Place,0,,-,741,DBJACK,東京都,1255,TIKTOK,東京都,1802,DINASO,東京都,0,,-
copula,Everlasting Last,0,,-,828,DBJACK,東京都,1608,ARIOSO,東京都,2242,MIKAMO,東京都,0,,-
copula,Dynamite,549,Y13,東京都,1189,MONOKO,東京都,2453,DICE,東京都,3875,MIKAMO,東京都,0,,-
copula,Donkey Donk,0,,-,1143,CARUKU,東京都,1756,DICE,東京都,2298,DINASO,東京都,0,,-
copula,do the thing feat. Kanae Asaba,0,,-,629,ZAQRO,東京都,1479,CUFFS,東京都,2334,1048,東京都,0,,-
copula,DIAMOND CROSSING,0,,-,997,DIST,東京都,1806,DICE,東京都,3132,MIKAMO,東京都,0,,-
copula,Devil's Gear,0,,-,1047,MONOKO,東京都,2270,DICE,東京都,3518,EXIT,東京都,0,,-
copula,Derelict Star feat. Ryu*,0,,-,1377,MASIMO,東京都,1871,CUFFS,東京都,2663,1048,東京都,0,,-
copula,Damage Per Second,0,,-,891,04*,東京都,1412,CUFFS,東京都,2052,NIKE.,東京都,2304,RAQUEL,東京都
copula,Daily Lunch Special,0,,-,1085,TETU,東京都,2146,-DO96-,東京都,2980,MIKAMO,東京都,0,,-
copula,CODE:1 [revision1.0.1],0,,-,992,04*,東京都,1754,TETU,東京都,3157,DINASO,東京都,0,,-
copula,chaos eater -IIDX edition-,0,,-,1141,FIDBIY,東京都,1726,SPA-RN,東京都,2645,557,東京都,0,,-
copula,Central Station,0,,-,1051,04*,東京都,1590,DINASO,東京都,2427,NAGACH,東京都,0,,-
copula,Blue Spring Express,0,,-,1289,EIEIEI,東京都,2101,DICE,東京都,3350,MIKAMO,東京都,0,,-
copula,Battle Train -IIDX Edition-,0,,-,850,MA2RI,東京都,2544,-DO96-,東京都,3291,8$.,東京都,0,,-
copula,Aublia,0,,-,955,MONOKO,東京都,1521,TRI2TY,東京都,2579,MIKAMO,東京都,0,,-
copula,Arcana,0,,-,1188,DBJACK,東京都,1751,XAB,東京都,2296,MIKAMO,東京都,0,,-
copula,AO-1,0,,-,1263,TETU,東京都,1937,DICE,東京都,2835,MIKAMO,東京都,0,,-
copula,Angelic Jelly,0,,-,1149,TETU,東京都,2077,OY,東京都,2813,MIKAMO,東京都,0,,-
copula,Acid Pumper,0,,-,683,MONOKO,東京都,1573,SYOMO7,東京都,2510,8$.,東京都,0,,-
copula,199024club -Re:BounceKiller-,0,,-,700,TETU,東京都,1692,DICE,東京都,2442,EXIT,東京都,0,,-
CANNON BALLERS,草原の王女-軌跡を辿って-,0,,-,698,-FRAN-,東京都,1233,TETU,東京都,2340,DINASO,東京都,0,,-
CANNON BALLERS,純真可憐デザイア,254,WLEN7,東京都,827,TETU,東京都,1593,TETU,東京都,2342,NIKE.,東京都,0,,-
CANNON BALLERS,神謳 -RESONANCE-,0,,-,1397,TETU,東京都,2534,DICE,東京都,4038,DINASO,東京都,0,,-
CANNON BALLERS,東京神話,466,TETU,東京都,1045,TETU,東京都,1795,DICE,東京都,2882,MIKAMO,東京都,0,,-
CANNON BALLERS,命の標本,0,,-,735,TETU,東京都,1660,AMIAT-,東京都,2701,8$.,東京都,0,,-
CANNON BALLERS,共犯ヘヴンズコード,0,,-,510,WLEN7,東京都,1377,TETU,東京都,2292,DINASO,東京都,0,,-
CANNON BALLERS,ラストセンチュリーメランコリック,0,,-,858,04*,東京都,1600,TETU,東京都,2210,MIKAMO,東京都,0,,-
CANNON BALLERS,パラドキシカル・タイムリープトライアル(Short Ver.),0,,-,1042,TETU,東京都,1967,-DO96-,東京都,2814,DINASO,東京都,0,,-
CANNON BALLERS,バスルーム ロマンス,0,,-,973,TETU,東京都,1451,TIKTOK,東京都,2453,DINASO,東京都,0,,-
CANNON BALLERS,バ→ビ→ブ→Bomb!,0,,-,842,04*,東京都,1804,TETU,東京都,2572,DINASO,東京都,0,,-
CANNON BALLERS,ハイ*ビスカス ft. Kanae Asaba,0,,-,869,TETU,東京都,1552,PTN***,東京都,2459,NIKE.,東京都,0,,-
CANNON BALLERS,ナイトシティー・アヴァンチュール,0,,-,1031,TETU,東京都,1537,-DO96-,東京都,2094,DINASO,東京都,0,,-
CANNON BALLERS,シムルグの目醒め,0,,-,1412,TETU,東京都,2374,OY,東京都,3536,DINASO,東京都,0,,-
CANNON BALLERS,エディブルフラワーの独白,0,,-,822,04*,東京都,1562,MIKAMO,東京都,2216,NIKE.,東京都,0,,-
CANNON BALLERS,うさ☆かめ 大戦争！,0,,-,952,TETU,東京都,1607,TETU,東京都,2534,DINASO,東京都,0,,-
CANNON BALLERS,Xperanza,544,POSSE,東京都,1384,TETU,東京都,2445,NAOTIN,東京都,3219,MIKAMO,東京都,0,,-
CANNON BALLERS,Usual Days-remix,0,,-,1091,TETU,東京都,1478,KENDMA,東京都,2696,8$.,東京都,0,,-
CANNON BALLERS,UMMU,438,TETU,東京都,1235,DUXY.,東京都,2125,-DO96-,東京都,3138,MIKAMO,東京都,0,,-
CANNON BALLERS,The Chase,0,,-,700,TETU,東京都,1376,DICE,東京都,2219,MIKAMO,東京都,0,,-
CANNON BALLERS,THE CANNONBALLER,484,WLEN7,東京都,1523,TETU,東京都,2424,-DO96-,東京都,3460,8$.,東京都,0,,-
CANNON BALLERS,Temple of Anubis,0,,-,1007,TETU,東京都,1529,TETU,東京都,2671,8$.,東京都,0,,-
CANNON BALLERS,Static State,0,,-,1055,TETU,東京都,1787,AMHQ,東京都,2419,DINASO,東京都,0,,-
CANNON BALLERS,STARLIGHT JUNCTION,0,,-,908,04*,東京都,1615,-DO96-,東京都,2295,NIKE.,東京都,2916,MIKAMO,東京都
CANNON BALLERS,SPEED DEMON,0,,-,751,TETU,東京都,1468,DINASO,東京都,2369,DINASO,東京都,0,,-
CANNON BALLERS,Slipstream,0,,-,1081,04*,東京都,2066,NAOTIN,東京都,3567,DINASO,東京都,0,,-
CANNON BALLERS,Sleepless days,0,,-,510,IKKI,東京都,909,PICO,東京都,1576,557,東京都,0,,-
CANNON BALLERS,REVOLVER,0,,-,934,TETU,東京都,1618,AMIAT-,東京都,2779,8$.,東京都,3368,MIKAMO,東京都
CANNON BALLERS,Raspberry Railgun,0,,-,1411,TETU,東京都,2231,DICE,東京都,3185,557,東京都,0,,-
CANNON BALLERS,Rampage,0,,-,1290,ELAIZA,東京都,2500,MARU-N,東京都,3644,8$.,東京都,0,,-
CANNON BALLERS,Persephone,0,,-,1334,TETU,東京都,1979,-DO96-,東京都,3037,DINASO,東京都,0,,-
CANNON BALLERS,Papilio ulysses,0,,-,1212,TETU,東京都,2101,DICE,東京都,2945,MIKAMO,東京都,0,,-
CANNON BALLERS,Only for now,0,,-,917,04*,東京都,1558,TIKTOK,東京都,2272,DINASO,東京都,0,,-
CANNON BALLERS,O/D*20,0,,-,1155,04*,東京都,1706,1048,東京都,2138,DINASO,東京都,3912,MIKAMO,東京都
CANNON BALLERS,Nothing but Theory,0,,-,1109,04*,東京都,1571,TETU,東京都,2874,8$.,東京都,0,,-
CANNON BALLERS,No Limit 2 dAnce feat. 大山愛未,0,,-,986,TETU,東京都,1572,DICE,東京都,2354,NIKE.,東京都,0,,-
CANNON BALLERS,NITROUS CANNON,0,,-,1397,TETU,東京都,2077,DICE,東京都,3675,MIKAMO,東京都,0,,-
CANNON BALLERS,n'pa pa BBQ,0,,-,933,TETU,東京都,1740,TETU,東京都,2806,DINASO,東京都,0,,-
CANNON BALLERS,Midnight Lady,0,,-,645,04*,東京都,1187,PICO,東京都,1955,557,東京都,0,,-
CANNON BALLERS,MAXIVCORD,0,,-,817,TETU,東京都,1436,CUFFS,東京都,2482,MIKAMO,東京都,0,,-
CANNON BALLERS,LUV DRIVE,0,,-,833,TETU,東京都,1347,TETU,東京都,2146,NIKE.,東京都,0,,-
CANNON BALLERS,"Life Is A Game ft.DD""ナカタ""Metal",0,,-,1256,TETU,東京都,1939,DICE,東京都,3502,MIKAMO,東京都,0,,-
CANNON BALLERS,Initiation,660,Y13,東京都,1497,TETU,東京都,2482,-DO96-,東京都,3978,DINASO,東京都,0,,-
CANNON BALLERS,Illusionary Waterlily,0,,-,1315,04*,東京都,2272,DICE,東京都,3566,MIKAMO,東京都,0,,-
CANNON BALLERS,I Love You,0,,-,1073,TETU,東京都,1874,CUFFS,東京都,2753,DINASO,東京都,0,,-
CANNON BALLERS,HYPE THE CORE,0,,-,1112,TETU,東京都,2011,DICE,東京都,3024,DINASO,東京都,0,,-
CANNON BALLERS,Hella Deep,0,,-,629,DIST,東京都,1057,KT4ER1,東京都,1888,DINASO,東京都,0,,-
CANNON BALLERS,HAT TRICK,0,,-,866,RYU,東京都,1436,TETU,東京都,2230,NIKE.,東京都,0,,-
CANNON BALLERS,Get Up! feat. Kanae Asaba,0,,-,583,TETU,東京都,1256,TETU,東京都,1920,MIKAMO,東京都,0,,-
CANNON BALLERS,FUTURE is Dead,0,,-,911,TETU,東京都,1485,MIKAMO,東京都,2278,DINASO,東京都,0,,-
CANNON BALLERS,From Time To Time,0,,-,803,04*,東京都,1928,SHINPO,東京都,2569,TETSUO,東京都,0,,-
CANNON BALLERS,FREEDOM,0,,-,1012,TETU,東京都,1717,TETU,東京都,2945,NAGACH,東京都,0,,-
CANNON BALLERS,Fervidex,0,,-,861,04*,東京都,1827,KEGA,東京都,2713,557,東京都,0,,-
CANNON BALLERS,Expanded !!,0,,-,677,TETU,東京都,1551,TETU,東京都,2645,NIKE.,東京都,0,,-
CANNON BALLERS,Exhaust Hype,0,,-,1034,TETU,東京都,1938,TETU,東京都,2835,MIKAMO,東京都,0,,-
CANNON BALLERS,encounter,0,,-,981,04*,東京都,1733,CUFFS,東京都,3318,DINASO,東京都,0,,-
CANNON BALLERS,EMERALDAS,524,TETU,東京都,1372,TETU,東京都,2434,557,東京都,3531,MIKAMO,東京都,0,,-
CANNON BALLERS,Eine Haube ～聖地の果てにあるもの～,0,,-,978,TETU,東京都,1430,TETU,東京都,2610,MIKAMO,東京都,0,,-
CANNON BALLERS,DropZ-Line-,0,,-,1346,TETU,東京都,2133,DICE,東京都,3253,DINASO,東京都,0,,-
CANNON BALLERS,DEATH†ZIGOQ ～怒りの高速爆走野郎～,0,,-,1397,TETU,東京都,2485,DICE,東京都,4038,DINASO,東京都,4775,MIKAMO,東京都
CANNON BALLERS,DEADHEAT,0,,-,1200,TETU,東京都,2077,DICE,東京都,3378,MIKAMO,東京都,0,,-
CANNON BALLERS,COSMIC☆WONDER☆REVOLUTION,0,,-,777,04*,東京都,1427,TETU,東京都,2095,DINASO,東京都,0,,-
CANNON BALLERS,City Never Sleeps (IIDX Edition),0,,-,1314,DICE,東京都,1901,CUFFS,東京都,2673,DINASO,東京都,0,,-
CANNON BALLERS,Chemical Cookie,0,,-,834,TETU,東京都,1452,AMIAT-,東京都,2154,8$.,東京都,0,,-
CANNON BALLERS,ChaserXX,0,,-,1094,TETU,東京都,1873,TETU,東京都,2863,557,東京都,0,,-
CANNON BALLERS,Break Stasis,0,,-,1325,TETU,東京都,1904,TETU,東京都,2542,NIKE.,東京都,0,,-
CANNON BALLERS,Boomy and The Boost,418,305080,東京都,1065,04*,東京都,2062,DICE,東京都,3603,MIKAMO,東京都,0,,-
CANNON BALLERS,Best of Me,0,,-,823,04*,東京都,1572,TETU,東京都,2241,DINASO,東京都,0,,-
CANNON BALLERS,Be a Hero!,0,,-,781,DICE,東京都,1974,-DO96-,東京都,3125,NAGACH,東京都,0,,-
CANNON BALLERS,Battleground,0,,-,1176,MEW,東京都,1863,TETU,東京都,2707,MIKAMO,東京都,0,,-
CANNON BALLERS,Back Spin Sweeper,0,,-,865,TETU,東京都,1398,DUXY.,東京都,2294,1048,東京都,0,,-
CANNON BALLERS,Around the Future,0,,-,1105,TETU,東京都,1734,TETU,東京都,2636,MIKAMO,東京都,0,,-
CANNON BALLERS,Arca,0,,-,923,TETU,東京都,1880,GEORGE,東京都,3175,DINASO,東京都,0,,-
CANNON BALLERS,Antigravity,0,,-,1057,TETU,東京都,2010,DICE,東京都,3117,8$.,東京都,0,,-
CANNON BALLERS,ANCHOR,0,,-,1337,TETU,東京都,2490,DICE,東京都,3625,DINASO,東京都,0,,-
CANNON BALLERS,ANAGMA,0,,-,1028,TETU,東京都,1793,TETU,東京都,2659,NIKE.,東京都,0,,-
CANNON BALLERS,Amor De Verao,0,,-,790,RYU,東京都,1398,TETU,東京都,2359,8$.,東京都,0,,-
CANNON BALLERS,Alpheratz,0,,-,435,TETU,東京都,1029,TETU,東京都,2097,DINASO,東京都,0,,-
CANNON BALLERS,ACCELERATE,0,,-,1176,TETU,東京都,1735,TETU,東京都,2502,M,東京都,0,,-
CANNON BALLERS,Abraxas,0,,-,794,TETU,東京都,1644,TETU,東京都,2463,MIKAMO,東京都,0,,-
CANNON BALLERS,AA -rebuild-,0,,-,1235,MONOKO,東京都,2437,DICE,東京都,3612,MIKAMO,東京都,0,,-
CANNON BALLERS,255,0,,-,905,DBJACK,東京都,1622,-DO96-,東京都,3309,557,東京都,0,,-
CANNON BALLERS,1001 -ESCAPE-,0,,-,1036,RYU,東京都,1718,-DO96-,東京都,2649,NAGACH,東京都,0,,-
SINOBUZ,鴉,0,,-,1511,MEW,東京都,2250,DICE,東京都,2707,DINASO,東京都,0,,-
SINOBUZ,童話回廊,0,,-,945,TETU,東京都,1733,ISHII,東京都,3138,MIKAMO,東京都,0,,-
SINOBUZ,禍根,0,,-,813,TETU,東京都,1375,TETU,東京都,2623,MIKAMO,東京都,0,,-
SINOBUZ,獅子霞麗ノ舞,0,,-,501,TETU,東京都,1065,CUFFS,東京都,1743,NIKE.,東京都,0,,-
SINOBUZ,焔極OVERKILL,0,,-,1176,MEW,東京都,2150,NAOTIN,東京都,3697,DINASO,東京都,0,,-
SINOBUZ,火影,0,,-,715,TETU,東京都,1375,GEORGE,東京都,2792,MIKAMO,東京都,0,,-
SINOBUZ,津軽雪,0,,-,1528,TETU,東京都,2235,-DO96-,東京都,3859,DINASO,東京都,0,,-
SINOBUZ,次葉 -turn the page-,0,,-,843,TETU,東京都,1418,TETU,東京都,2005,NIKE.,東京都,0,,-
SINOBUZ,月雪に舞う華のように,0,,-,861,04*,東京都,1313,TETU,東京都,2141,NIKE.,東京都,0,,-
SINOBUZ,恋はどう？モロ◎波動OK☆方程式!!,0,,-,1025,TETU,東京都,1595,-DO96-,東京都,2486,NIKE.,東京都,0,,-
SINOBUZ,忍恋花,0,,-,1019,TETU,東京都,1696,MOQCHA,東京都,2273,DINASO,東京都,0,,-
SINOBUZ,刃図羅,0,,-,1247,04*,東京都,2093,DICE,東京都,3447,MIKAMO,東京都,0,,-
SINOBUZ,冬椿 ft. Kanae Asaba,261,TETU,東京都,962,04*,東京都,1255,TETU,東京都,2289,NIKE.,東京都,3062,MIKAMO,東京都
SINOBUZ,九尾狐夜行,0,,-,859,TETU,東京都,1800,INARI,東京都,2973,DINASO,東京都,0,,-
SINOBUZ,ディッシュウォッシャー◎彡おいわちゃん,0,,-,712,AGOCHU,東京都,1430,TETU,東京都,2537,NEFI,東京都,0,,-
SINOBUZ,イザナミノナゲキ,0,,-,1202,TETU,東京都,1959,TETU,東京都,3281,8$.,東京都,0,,-
SINOBUZ,ちらちら・はらはら,0,,-,411,TETU,東京都,942,DIST,東京都,1426,P-TIN,東京都,0,,-
SINOBUZ,〆,0,,-,1291,TETU,東京都,2354,-DO96-,東京都,3715,DINASO,東京都,0,,-
SINOBUZ,Yellow Sketch(RX-Ver.S.P.L.),0,,-,772,TETU,東京都,1815,TETU,東京都,2909,DINASO,東京都,0,,-
SINOBUZ,yamabiko (SINOBUZ Edition),0,,-,981,TETU,東京都,1592,PURIK2,東京都,2656,8$.,東京都,0,,-
SINOBUZ,XINOBIKILL,0,,-,997,RYU,東京都,1803,PICO,東京都,2922,MIKAMO,東京都,0,,-
SINOBUZ,Warrior,0,,-,1014,TETU,東京都,1779,TETU,東京都,2501,557,東京都,0,,-
SINOBUZ,Vermilion,0,,-,902,TETU,東京都,1340,MASIMO,東京都,2056,8$.,東京都,0,,-
SINOBUZ,Venom,0,,-,1288,TETU,東京都,2167,DICE,東京都,3215,DINASO,東京都,0,,-
SINOBUZ,Umbral,0,,-,622,04*,東京都,1409,CUFFS,東京都,1927,NIKE.,東京都,3093,MEG*,東京都
SINOBUZ,TOGAKUSHI,0,,-,1036,TETU,東京都,1936,DICE,東京都,2656,DINASO,東京都,0,,-
SINOBUZ,The Commanders,0,,-,951,ALT,東京都,1500,CUFFS,東京都,2451,EXIT,東京都,0,,-
SINOBUZ,Sweet Clapper,0,,-,570,04*,東京都,1236,PURIK2,東京都,1918,NIKE.,東京都,2916,RENNE,東京都
SINOBUZ,Surf on the Light,0,,-,797,PICO,東京都,1512,8$.,東京都,2301,MIKAMO,東京都,0,,-
SINOBUZ,Super Rush,0,,-,1037,TETU,東京都,1862,CUFFS,東京都,3554,RIN,東京都,0,,-
SINOBUZ,Summerlights(IIDX Edition),0,,-,1144,TETU,東京都,1867,DICE,東京都,3129,DINASO,東京都,0,,-
SINOBUZ,Steel Edge,0,,-,926,TETU,東京都,1492,39NYAN,東京都,3192,MIKAMO,東京都,0,,-
SINOBUZ,Snakey Kung-fu,0,,-,1124,04*,東京都,2167,DICE,東京都,3467,MIKAMO,東京都,0,,-
SINOBUZ,Sky High,440,Y13,東京都,1185,MEME,東京都,2354,-DO96-,東京都,3824,8$.,東京都,0,,-
SINOBUZ,SINOBUZ Fantasy,0,,-,1034,TETU,東京都,1699,-DO96-,東京都,2452,DINASO,東京都,0,,-
SINOBUZ,shuriken,0,,-,788,TETU,東京都,1140,TETU,東京都,2571,NIKE.,東京都,0,,-
SINOBUZ,SEQUENCE CAT,0,,-,1100,04*,東京都,2197,DICE,東京都,2880,DINASO,東京都,0,,-
SINOBUZ,Selfish Sweet,0,,-,643,TETU,東京都,960,TETU,東京都,1742,DINASO,東京都,0,,-
SINOBUZ,Seaside Labyrinth,0,,-,663,04*,東京都,1329,DINASO,東京都,1897,MIKAMO,東京都,0,,-
SINOBUZ,SAY BAY,0,,-,841,TETU,東京都,1499,CUFFS,東京都,2868,1048,東京都,0,,-
SINOBUZ,Sarutobi Champion is 拙者,0,,-,951,TETU,東京都,1495,DBJACK,東京都,2252,DINASO,東京都,0,,-
SINOBUZ,SAMURAI-Scramble,0,,-,1011,04*,東京都,1681,KH2NOW,東京都,2442,8$.,東京都,2987,EXIT,東京都
SINOBUZ,ROTTERDAM SHOGUN,545,WLEN7,東京都,1139,TETU,東京都,1828,CUFFS,東京都,2580,557,東京都,0,,-
SINOBUZ,Remedy feat. Kanae Asaba,0,,-,931,TETU,東京都,1604,CUFFS,東京都,2224,MIKAMO,東京都,0,,-
SINOBUZ,Rave Cannon,0,,-,1069,TETU,東京都,1850,CUFFS,東京都,3371,8$.,東京都,0,,-
SINOBUZ,RAIN,0,,-,1166,04*,東京都,1816,TETU,東京都,3296,DINASO,東京都,0,,-
SINOBUZ,Quakes,0,,-,1133,TETU,東京都,2113,DICE,東京都,3217,DINASO,東京都,0,,-
SINOBUZ,Piano Samurai,0,,-,1077,TETU,東京都,1757,CUFFS,東京都,2514,8$.,東京都,0,,-
SINOBUZ,PAPAYAPA BASS,0,,-,788,TETU,東京都,1570,-DO96-,東京都,2832,DINASO,東京都,0,,-
SINOBUZ,OTENAMI Hurricane,0,,-,1307,TETU,東京都,2216,DICE,東京都,3214,DINASO,東京都,0,,-
SINOBUZ,OOO,0,,-,692,TETU,東京都,1454,CUFFS,東京都,2067,DINASO,東京都,0,,-
SINOBUZ,nostos,0,,-,911,KT4ER1,東京都,1391,DICE,東京都,2689,MIKAMO,東京都,0,,-
SINOBUZ,Music is The Answer,0,,-,791,TETU,東京都,1414,TETU,東京都,1941,MIKAMO,東京都,0,,-
SINOBUZ,Modular Technology,0,,-,1234,TETU,東京都,1963,DICE,東京都,2702,8$.,東京都,0,,-
SINOBUZ,Mare Nectaris,0,,-,1466,KT4ER1,東京都,2175,557,東京都,3992,MEG*,東京都,0,,-
SINOBUZ,Magical,0,,-,814,TETU,東京都,1183,TETU,東京都,2018,557,東京都,0,,-
SINOBUZ,Macuilxochitl,528,WLEN7,東京都,1479,TETU,東京都,2253,DICE,東京都,3340,557,東京都,0,,-
SINOBUZ,Lost wing at.0,0,,-,947,04*,東京都,1420,TEN,東京都,2479,8$.,東京都,0,,-
SINOBUZ,INVISIBLE STRIX,0,,-,1173,TETU,東京都,2107,DICE,東京都,2649,NIKE.,東京都,0,,-
SINOBUZ,Honey Trap,0,,-,837,TETU,東京都,1607,CUFFS,東京都,2550,MIKAMO,東京都,0,,-
SINOBUZ,HAPPY★RUSH,0,,-,791,BAN-ZO,東京都,1923,DUXY.,東京都,2935,557,東京都,0,,-
SINOBUZ,HADES,392,Y13,東京都,990,TETU,東京都,1874,SHINPO,東京都,3132,U76NER,東京都,0,,-
SINOBUZ,GuNGNiR,0,,-,1343,MEW,東京都,2754,MIKAMO,東京都,4057,MIKAMO,東京都,4803,MEG*,東京都
SINOBUZ,Go Ahead!!,0,,-,1020,TETU,東京都,1569,DICE,東京都,2777,MIKAMO,東京都,0,,-
SINOBUZ,FUZIN RIZIN,0,,-,1211,TETU,東京都,2009,NIKE.,東京都,3836,MIKAMO,東京都,0,,-
SINOBUZ,elemental bender feat. Kanae Asaba,0,,-,647,TETU,東京都,1186,TETU,東京都,1648,DINASO,東京都,0,,-
SINOBUZ,Egret and Willow,0,,-,1037,TETU,東京都,1649,TETU,東京都,2752,8$.,東京都,0,,-
SINOBUZ,ECHIDNA,0,,-,1326,PICO,東京都,2158,NAOTIN,東京都,3467,MIKAMO,東京都,0,,-
SINOBUZ,DORNWALD ～Junge～,0,,-,1297,TETU,東京都,2270,DICE,東京都,3730,MIKAMO,東京都,0,,-
SINOBUZ,Cyber True Color,0,,-,1004,04*,東京都,1650,TETU,東京都,2391,MIKAMO,東京都,0,,-
SINOBUZ,crew,0,,-,634,405,東京都,1769,DINASO,東京都,2944,FUCHU,東京都,0,,-
SINOBUZ,Caterpillar,0,,-,1219,MONOKO,東京都,2226,DICE,東京都,3098,MIKAMO,東京都,0,,-
SINOBUZ,BroGamer,0,,-,1373,TETU,東京都,2176,-DO96-,東京都,3119,8$.,東京都,4698,MIKAMO,東京都
SINOBUZ,Breakin' Chain,0,,-,718,TETU,東京都,1318,TETU,東京都,2335,NIKE.,東京都,0,,-
SINOBUZ,BREAK OVER,0,,-,867,ASA,東京都,1489,MIRA*,東京都,2400,NIKE.,東京都,0,,-
SINOBUZ,Beyond The Seven,0,,-,738,TETU,東京都,1327,DICE,東京都,2741,DINASO,東京都,0,,-
SINOBUZ,Believe in you,0,,-,1198,TETU,東京都,1895,-DO96-,東京都,2446,NIKE.,東京都,0,,-
SINOBUZ,Beat Juggling Mix,0,,-,1031,04*,東京都,1505,TETU,東京都,2236,NIKE.,東京都,0,,-
SINOBUZ,Be A Star,0,,-,968,MONOKO,東京都,1839,PICO,東京都,2821,NIKE.,東京都,0,,-
SINOBUZ,BabeL ～Grand Story～,0,,-,1300,TETU,東京都,2147,DICE,東京都,2838,DINASO,東京都,0,,-
SINOBUZ,AsiaN distractive,0,,-,1201,TETU,東京都,1736,TETU,東京都,2648,8$.,東京都,0,,-
SINOBUZ,Around The Galaxy,0,,-,1123,TETU,東京都,2112,TETU,東京都,3403,1048,東京都,0,,-
SINOBUZ,Apocalypse,0,,-,1142,TETU,東京都,2159,TETU,東京都,3603,DINASO,東京都,0,,-
SINOBUZ,AO-∞,0,,-,1163,TETU,東京都,1827,TETU,東京都,2667,ENMT!!,東京都,0,,-
SINOBUZ,Amazing Mirage,377,Y13,東京都,912,04*,東京都,1766,TETU,東京都,2658,MIKAMO,東京都,3317,DINASO,東京都
SINOBUZ,(This Is Not) The Angels,0,,-,603,FREAKY,東京都,1467,U76NER,東京都,2723,MIKAMO,東京都,0,,-
SINOBUZ,#MAGiCVLGiRL_TRVP_B3VTZ,0,,-,1170,MEW,東京都,1958,Q.E.D.,東京都,3451,DINASO,東京都,0,,-
SINOBUZ,!Viva!,0,,-,976,TETU,東京都,1618,TETU,東京都,2023,NIKE.,東京都,0,,-
Rootage,龍王の霊廟(Mausoleum Of The Primal Dragon),0,,-,1132,TETU,東京都,2325,DICE,東京都,3216,DINASO,東京都,4013,DINASO,東京都
Rootage,金野火織の金色提言,0,,-,1251,TETU,東京都,2271,DICE,東京都,3177,MEG*,東京都,0,,-
Rootage,花冠 feat.Aikapin,0,,-,979,DUXY.,東京都,1644,TETU,東京都,2677,MIKAMO,東京都,0,,-
Rootage,爆ゼニ☆がってんワーカー,0,,-,1243,TETU,東京都,1892,TETU,東京都,2757,DINASO,東京都,0,,-
Rootage,深愛のリグレット,0,,-,797,LEONE,東京都,1201,405,東京都,2401,557,東京都,0,,-
Rootage,泰東ノ翠霞,0,,-,496,TETU,東京都,748,TETU,東京都,1790,U76NER,東京都,0,,-
Rootage,最小三倍完全数,0,,-,925,DUXY.,東京都,1755,CUFFS,東京都,2588,DINASO,東京都,0,,-
Rootage,抱きしめてモナムール,0,,-,1311,TETU,東京都,2329,DICE,東京都,4174,MIKAMO,東京都,0,,-
Rootage,夏の匂い。キミの残像。 ft. Kanae Asaba,0,,-,689,RYU,東京都,1544,-DO96-,東京都,2559,INARI,東京都,0,,-
Rootage,ミッドナイト☆WAR,0,,-,819,TSU6RI,東京都,1589,-DO96-,東京都,2515,EXIT,東京都,0,,-
Rootage,ミストレス・アンに花束を,0,,-,582,TETU,東京都,1006,MONOKO,東京都,1433,RENNE,東京都,0,,-
Rootage,ハードベース・フェスタ,0,,-,1146,TETU,東京都,1802,TETU,東京都,2871,557,東京都,0,,-
Rootage,セカンドピアス,0,,-,598,TETU,東京都,1096,WLEN7,東京都,2027,1048,東京都,0,,-
Rootage,サクラあっぱれーしょん,267,TETU,東京都,628,RYU,東京都,1547,TETU,東京都,2329,NIKE.,東京都,0,,-
Rootage,グラナダの風,0,,-,812,TETU,東京都,1219,TETU,東京都,1884,TETSUO,東京都,0,,-
Rootage,お菓子の王国,0,,-,1424,TETU,東京都,2259,DICE,東京都,4117,MIKAMO,東京都,0,,-
Rootage,おーまい！らぶりー！すうぃーてぃ！だーりん！,0,,-,1098,TETU,東京都,1964,TETU,東京都,2933,DINASO,東京都,0,,-
Rootage,ZENDEGI DANCE,0,,-,1190,TETU,東京都,1839,-DO96-,東京都,2774,DINASO,東京都,0,,-
Rootage,Yum Yum Jelly,0,,-,794,04*,東京都,1576,TETU,東京都,2393,8$.,東京都,0,,-
Rootage,Xlo,0,,-,1522,MONOKO,東京都,2505,DICE,東京都,3820,557,東京都,0,,-
Rootage,XENON II ～TOMOYUKIの野望～,0,,-,1189,TETU,東京都,1779,OY,東京都,3009,8$.,東京都,0,,-
Rootage,X-DEN,0,,-,1680,TETU,東京都,2786,MIKAMO,東京都,4308,MEG*,東京都,0,,-
Rootage,Wonderland,0,,-,1074,04*,東京都,1875,CUFFS,東京都,2773,DINASO,東京都,0,,-
Rootage,Won(*3*)Chu KissMe!,269,BAN-ZO,東京都,937,04*,東京都,1412,-DO96-,東京都,2523,DINASO,東京都,0,,-
Rootage,Wolf 1061,0,,-,1023,TETU,東京都,1731,-DO96-,東京都,3146,RENNE,東京都,0,,-
Rootage,Wing of Hearts,0,,-,1125,TETU,東京都,1804,CUFFS,東京都,2943,NIKE.,東京都,0,,-
Rootage,voltississimo,0,,-,1198,TETU,東京都,2174,DICE,東京都,3713,DINASO,東京都,0,,-
Rootage,Visterhv,0,,-,1260,MONOKO,東京都,2280,NAOTIN,東京都,3717,MIKAMO,東京都,0,,-
Rootage,Urban Constellations,0,,-,722,04*,東京都,1500,SHINPO,東京都,2317,8$.,東京都,0,,-
Rootage,UNDERWORLD HOLOGRAPHY,0,,-,1139,DUXY.,東京都,2094,TETU,東京都,3274,MIKAMO,東京都,0,,-
Rootage,Unbelief,0,,-,1123,MIKAMO,東京都,2117,DICE,東京都,3265,DINASO,東京都,0,,-
Rootage,U.S.A.,572,TETU,東京都,1123,TETU,東京都,1907,-DO96-,東京都,2921,DINASO,東京都,0,,-
Rootage,Twilight Warp,0,,-,962,04*,東京都,1423,CUFFS,東京都,2164,NIKE.,東京都,0,,-
Rootage,Trill auf G,0,,-,1159,TETU,東京都,2110,DICE,東京都,3274,RENNE,東京都,0,,-
Rootage,ToyCube Pf.(RX-Ver.S.P.L.),0,,-,744,TETU,東京都,1537,TETU,東京都,2292,NIKE.,東京都,0,,-
Rootage,toy boxer,0,,-,779,04*,東京都,1418,CUFFS,東京都,2241,NIKE.,東京都,0,,-
Rootage,The Sealer ～ア・ミリアとミリアの民～,0,,-,834,TETU,東京都,1413,TETU,東京都,2228,8$.,東京都,0,,-
Rootage,The Rebellion of Sequencer,0,,-,1262,TETU,東京都,2056,DICE,東京都,3178,MIKAMO,東京都,0,,-
Rootage,THE DAY OF JUBILATIONS,0,,-,1543,TETU,東京都,2430,MARU-N,東京都,3481,8$.,東京都,0,,-
Rootage,The Best of Both Worlds,0,,-,597,MA2RI,東京都,1411,TETU,東京都,2244,NIKE.,東京都,0,,-
Rootage,Technicolour Dreams,0,,-,947,04*,東京都,1427,TETU,東京都,2401,INARI,東京都,0,,-
Rootage,SPEED ROCKER,0,,-,922,04*,東京都,1715,TETU,東京都,2329,DINASO,東京都,0,,-
Rootage,R∞tAge,541,WLEN7,東京都,1122,04*,東京都,1676,DICE,東京都,2986,557,東京都,0,,-
Rootage,ruin of opals,0,,-,1028,DICE,東京都,1953,DICE,東京都,3211,MIKAMO,東京都,0,,-
Rootage,"ROCK女 feat. 大山愛未, Ken",0,,-,1062,TETU,東京都,1813,SHINPO,東京都,2840,MIKAMO,東京都,0,,-
Rootage,REPLAY,0,,-,951,04*,東京都,1629,TETU,東京都,2274,8$.,東京都,0,,-
Rootage,Red. by Jack Trance,0,,-,1502,KEGA,東京都,2138,DICE,東京都,3656,MIKAMO,東京都,0,,-
Rootage,Psycho Sheep Riddim,0,,-,634,TETU,東京都,1008,GALAN,東京都,1680,DINASO,東京都,2288,MIKAMO,東京都
Rootage,Please Welcome Mr.C,0,,-,1113,TETU,東京都,1771,-DO96-,東京都,3018,MIKAMO,東京都,0,,-
Rootage,Playing With Fire,0,,-,1002,MONOKO,東京都,1687,TETU,東京都,2384,NIKE.,東京都,0,,-
Rootage,Painful Fate,0,,-,1262,TETU,東京都,2294,DICE,東京都,3370,MIKAMO,東京都,0,,-
Rootage,OVER TIME,0,,-,577,TETU,東京都,966,DIST,東京都,1557,1048,東京都,0,,-
Rootage,ONIGOROSHI,0,,-,1181,MEW,東京都,2159,DICE,東京都,3030,DINASO,東京都,0,,-
Rootage,Night! Night! Night!,0,,-,1199,39NYAN,東京都,1858,PICO,東京都,3068,MIKAMO,東京都,0,,-
Rootage,"Next Tales 2 Oath (IIDX 20th Anniv ""Ring"" Theme)",0,,-,902,RYU,東京都,1690,PICO,東京都,2763,DINASO,東京都,0,,-
Rootage,Necroxis Girl,0,,-,1176,TETU,東京都,1939,TETU,東京都,2830,557,東京都,0,,-
Rootage,Macho Monky,0,,-,1470,04*,東京都,2125,DICE,東京都,3092,8$.,東京都,0,,-
Rootage,LOST TECHNOLOGIE,0,,-,1162,MEW,東京都,1877,CUFFS,東京都,3561,DINASO,東京都,0,,-
Rootage,Lift Us High,0,,-,983,04*,東京都,1587,TETU,東京都,2483,MIKAMO,東京都,0,,-
Rootage,Level One,0,,-,1251,TETU,東京都,2323,DICE,東京都,3638,MIKAMO,東京都,0,,-
Rootage,Lethal Weapon,0,,-,1191,04*,東京都,1885,AKACH,東京都,3244,MIKAMO,東京都,0,,-
Rootage,Let me be your cure,0,,-,1142,TETU,東京都,1429,CUFFS,東京都,2682,NIKE.,東京都,0,,-
Rootage,LADYBIRD,0,,-,1126,TETU,東京都,1658,TETU,東京都,2480,DINASO,東京都,0,,-
Rootage,L.F.O,0,,-,884,04*,東京都,1781,-DO96-,東京都,3336,DINASO,東京都,0,,-
Rootage,KILL EACH OTHER,0,,-,1397,TETU,東京都,2515,1048,東京都,3853,DINASO,東京都,0,,-
Rootage,IDOL syndrome.,0,,-,753,TETU,東京都,1457,CUFFS,東京都,2210,NIKE.,東京都,0,,-
Rootage,IDC feat.REVERBEE (Mo'Cuts Ver),0,,-,1081,TETU,東京都,1537,CUFFS,東京都,2246,DINASO,東京都,0,,-
Rootage,Hurry Hurry,0,,-,760,04*,東京都,1039,MONOKO,東京都,2089,NIKE.,東京都,0,,-
Rootage,HOT LIMIT,404,Y13,東京都,1070,04*,東京都,1727,-DO96-,東京都,2553,DINASO,東京都,0,,-
Rootage,HEISEI,375,TETU,東京都,1162,DUXY.,東京都,1956,DICE,東京都,2572,DINASO,東京都,0,,-
Rootage,HARD BRAIN,0,,-,1389,04*,東京都,2033,PSYDER,東京都,3802,MEG*,東京都,0,,-
Rootage,GO OVER WITH GLARE -ROOTAGE 26-,0,,-,1078,TETU,東京都,2253,DICE,東京都,3929,MEG*,東京都,0,,-
Rootage,Glory,0,,-,755,TETU,東京都,1669,CUFFS,東京都,2349,8$.,東京都,0,,-
Rootage,GIGA THRASH,0,,-,1248,TETU,東京都,1853,TETU,東京都,2761,8$.,東京都,0,,-
Rootage,GENE,0,,-,1315,MEW,東京都,1984,SPA*,東京都,4351,MIKAMO,東京都,0,,-
Rootage,Geirskogul,0,,-,1082,TETU,東京都,1597,TETU,東京都,2247,1048,東京都,0,,-
Rootage,Garuda,0,,-,1057,TETU,東京都,1666,-DO96-,東京都,2613,DINASO,東京都,0,,-
Rootage,EVANESCENT,0,,-,1298,MEW,東京都,2421,DICE,東京都,3620,MIKAMO,東京都,0,,-
Rootage,Ember Lights,0,,-,964,MONOKO,東京都,1683,MIKAMO,東京都,2728,1048,東京都,0,,-
Rootage,DRUNK MONKY,0,,-,1030,04*,東京都,1652,1048,東京都,2342,DINASO,東京都,0,,-
Rootage,Drastic Dramatic,0,,-,1567,TETU,東京都,2410,DICE,東京都,3506,DINASO,東京都,0,,-
Rootage,Dr. Chemical & Killing Machine,0,,-,1123,MEW,東京都,1852,CUFFS,東京都,3382,MIKAMO,東京都,0,,-
Rootage,dAuntl3ss,0,,-,1070,MEW,東京都,2017,DICE,東京都,3518,RIN,東京都,0,,-
Rootage,Cranberry City ft. Luschel,0,,-,861,04*,東京都,1620,INARI,東京都,2451,MIKAMO,東京都,0,,-
Rootage,COSMIC CYBER,0,,-,1044,RYU,東京都,1694,TETU,東京都,2924,DINASO,東京都,0,,-
Rootage,CoMAAAAAAA,0,,-,1269,TETU,東京都,2078,TETU,東京都,2411,NAGACH,東京都,0,,-
Rootage,CODE:0,0,,-,1437,TETU,東京都,2177,DICE,東京都,2883,8$.,東京都,3485,DINASO,東京都
Rootage,Catch Our Fire!,0,,-,1383,TETU,東京都,2291,-DO96-,東京都,3731,MIKAMO,東京都,0,,-
Rootage,Carry Me Away,534,TETU,東京都,1138,TETU,東京都,1852,PICO,東京都,3201,DINASO,東京都,0,,-
Rootage,Carmina,527,Y13,東京都,1319,TETU,東京都,2519,1048,東京都,3860,MIKAMO,東京都,0,,-
Rootage,BLOSSOM,0,,-,1087,TETU,東京都,1654,AMIAT-,東京都,2569,NIKE.,東京都,0,,-
Rootage,BLACK JACKAL,0,,-,855,04*,東京都,1564,TETU,東京都,2350,NIKE.,東京都,0,,-
Rootage,Afterimage d'automne,0,,-,1024,TETU,東京都,1709,TETU,東京都,2892,MIKAMO,東京都,0,,-
Rootage,50th Memorial Songs -二人の時 ～under the cherry blossoms～-,0,,-,1229,TETU,東京都,1651,-DO96-,東京都,2621,DINASO,東京都,0,,-
Rootage,50th Memorial Songs -The BEMANI History-,0,,-,1076,TETU,東京都,1659,ARO?NA,東京都,2666,557,東京都,0,,-
Rootage,50th Memorial Songs -Flagship medley-,0,,-,971,04*,東京都,1482,TETU,東京都,2297,DINASO,東京都,0,,-
Rootage,50th Memorial Songs -Beginning Story-,0,,-,830,TETU,東京都,1651,TETU,東京都,2737,DINASO,東京都,0,,-
Rootage,& Intelligence,0,,-,1165,MEW,東京都,2178,-DO96-,東京都,3201,8$.,東京都,0,,-
HEROIC VERSE,魅惑のYUMMYスイーツ,0,,-,924,MEW,東京都,1761,MIRA*,東京都,3132,DINASO,東京都,0,,-
HEROIC VERSE,開きたまえ！Next stAge！,0,,-,1145,GE,東京都,1708,-DO96-,東京都,2906,MIKAMO,東京都,0,,-
HEROIC VERSE,錬成人間トリコロイダー,0,,-,1057,TETU,東京都,1793,DIST,東京都,3211,MIKAMO,東京都,0,,-
HEROIC VERSE,華麗なる大犬円舞曲,0,,-,1364,TETU,東京都,2147,KEGA,東京都,3565,557,東京都,0,,-
HEROIC VERSE,眠りの国のステラ,0,,-,1187,Y13,東京都,1850,-DO96-,東京都,2766,8$.,東京都,0,,-
HEROIC VERSE,狂水一華,0,,-,973,TETU,東京都,1737,TETU,東京都,2710,8$.,東京都,0,,-
HEROIC VERSE,灼熱Beach Side Bunny (Masayoshi Iimori Remix),0,,-,668,PICO,東京都,1140,-DO96-,東京都,1837,1048,東京都,0,,-
HEROIC VERSE,深淵に捧ぐレクイエム,0,,-,857,PICO,東京都,1642,DICE,東京都,3050,MIKAMO,東京都,0,,-
HEROIC VERSE,曼荼羅恋々,0,,-,1106,TETU,東京都,1740,TETU,東京都,2765,DINASO,東京都,0,,-
HEROIC VERSE,俺ら東京さ行ぐだ,252,TETU,東京都,637,RYU,東京都,1305,TETU,東京都,2006,DINASO,東京都,3650,MIKAMO,東京都
HEROIC VERSE,ランカーキラーガール,0,,-,1152,TETU,東京都,1893,-DO96-,東京都,2949,NIKE.,東京都,0,,-
HEROIC VERSE,ラブキラ☆スプラッシュ,0,,-,1125,04*,東京都,1651,TETU,東京都,2529,NIKE.,東京都,0,,-
HEROIC VERSE,ピアノ協奏曲第1番”蠍火” (BlackY Remix),0,,-,1040,04*,東京都,2110,DICE,東京都,3762,MIKAMO,東京都,0,,-
HEROIC VERSE,バッドエンド・シンドローム,0,,-,1070,PICO,東京都,1779,PICO,東京都,2989,MIKAMO,東京都,0,,-
HEROIC VERSE,セピアの軌跡 ft. 天宮みや(少女フラクタル),378,TETU,東京都,807,RYU,東京都,1465,PICO,東京都,2403,NIKE.,東京都,0,,-
HEROIC VERSE,シャムシールの舞,0,,-,852,TETU,東京都,1515,CUFFS,東京都,2570,NIKE.,東京都,0,,-
HEROIC VERSE,ガヴリールドロップキック,412,DINASO,東京都,784,TETU,東京都,1662,TETU,東京都,2703,MIKAMO,東京都,0,,-
HEROIC VERSE,がっつり陰キャ!? 怪盗いいんちょの億劫^^;,0,,-,1562,MEW,東京都,2729,PICO,東京都,4299,MIKAMO,東京都,0,,-
HEROIC VERSE,Ypsilon,0,,-,1116,TETU,東京都,1765,DBJACK,東京都,2901,8$.,東京都,3559,MIKAMO,東京都
HEROIC VERSE,Voo Doo Bamboleo,0,,-,911,RYU,東京都,1547,TIKTOK,東京都,2503,MIKAMO,東京都,0,,-
HEROIC VERSE,Volcanic Dragon,0,,-,1087,NMB48,東京都,1786,DIST,東京都,2981,8$.,東京都,0,,-
HEROIC VERSE,Virus Funk,0,,-,778,TETU,東京都,1501,CUFFS,東京都,2236,DINASO,東京都,0,,-
HEROIC VERSE,Vinculum stellarum,0,,-,936,TETU,東京都,2429,NAOTIN,東京都,3682,DINASO,東京都,0,,-
HEROIC VERSE,VIBRΛ,0,,-,927,TETU,東京都,1305,CUFFS,東京都,1875,RIN,東京都,0,,-
HEROIC VERSE,VALKYRIAS -英雄誕生-,469,Y13,東京都,1042,TETU,東京都,1724,TETU,東京都,2766,8$.,東京都,0,,-
HEROIC VERSE,UNITE THE HEART,0,,-,1496,MEW,東京都,2580,DICE,東京都,3336,MIKAMO,東京都,0,,-
HEROIC VERSE,TRIUMPH,0,,-,945,MEW,東京都,2000,PICO,東京都,3412,MIKAMO,東京都,0,,-
HEROIC VERSE,Theory,0,,-,797,TETU,東京都,1451,SHINPO,東京都,2653,MIKAMO,東京都,0,,-
HEROIC VERSE,The Sky of Sadness,0,,-,881,TETU,東京都,1507,GEORGE,東京都,2405,1048,東京都,0,,-
HEROIC VERSE,THE F∀UST,0,,-,1342,TETU,東京都,2280,-DO96-,東京都,3619,MIKAMO,東京都,0,,-
HEROIC VERSE,THE BRAVE MUST DIE,0,,-,1432,MEW,東京都,2542,DINASO,東京都,4113,DINASO,東京都,0,,-
HEROIC VERSE,TECHNO Style Essentials,0,,-,1016,DUXY.,東京都,1641,PTN***,東京都,2866,1048,東京都,0,,-
HEROIC VERSE,take me higher,0,,-,825,Y13,東京都,1271,TETU,東京都,2021,EXIT,東京都,0,,-
HEROIC VERSE,T-REX vs Velociraptor (In the Far east euphoria),0,,-,1394,TETU,東京都,1839,AL,東京都,3236,MIKAMO,東京都,0,,-
HEROIC VERSE,Sugar Drippin',0,,-,770,TETU,東京都,1379,TETU,東京都,2123,DINASO,東京都,0,,-
HEROIC VERSE,STOIC HYPOTHESIS,0,,-,1120,TETU,東京都,1782,MIRA*,東京都,2857,8$.,東京都,0,,-
HEROIC VERSE,Sparkle Smilin',0,,-,916,TETU,東京都,1483,CUFFS,東京都,2471,RENNE,東京都,0,,-
HEROIC VERSE,Smashing Wedge,0,,-,969,TETU,東京都,2248,NAOTIN,東京都,3809,8$.,東京都,0,,-
HEROIC VERSE,Ska-sh All Neurons!!,0,,-,992,04*,東京都,1461,TETU,東京都,2349,NIKE.,東京都,0,,-
HEROIC VERSE,Silly Love,259,WLEN7,東京都,808,04*,東京都,1388,REP,東京都,2110,DINASO,東京都,0,,-
HEROIC VERSE,Shiva,0,,-,734,TETU,東京都,1472,SHINPO,東京都,2153,DINASO,東京都,0,,-
HEROIC VERSE,SCREW // owo // SCREW,0,,-,1125,04*,東京都,2127,8KELCH,東京都,3059,MIKAMO,東京都,0,,-
HEROIC VERSE,S!ck (Nhato Remix),0,,-,985,MASIMO,東京都,1622,-DO96-,東京都,2545,8$.,東京都,0,,-
HEROIC VERSE,rough percussionythm,0,,-,1014,TETU,東京都,1665,TETU,東京都,2558,MIKAMO,東京都,0,,-
HEROIC VERSE,Rave Patroller,0,,-,1366,MONOKO,東京都,2356,-DO96-,東京都,3396,DINASO,東京都,0,,-
HEROIC VERSE,Rainstorm,0,,-,997,04*,東京都,1534,CUFFS,東京都,2287,NIKE.,東京都,0,,-
HEROIC VERSE,Queen Kaguya,0,,-,976,LEONE,東京都,1876,TETU,東京都,2646,DINASO,東京都,0,,-
HEROIC VERSE,Primitive Vibes,595,Y13,東京都,1164,04*,東京都,1998,DICE,東京都,3118,DINASO,東京都,0,,-
HEROIC VERSE,PHASE SHIFT MANEUVER,0,,-,1255,MONOKO,東京都,1722,MIRA*,東京都,2874,DINASO,東京都,0,,-
HEROIC VERSE,Override,0,,-,943,TETU,東京都,1623,-DO96-,東京都,2932,MIKAMO,東京都,4332,MEG*,東京都
HEROIC VERSE,OUTER PLANETS,0,,-,674,RYU,東京都,1398,TETU,東京都,2195,MIKAMO,東京都,0,,-
HEROIC VERSE,ORCA,0,,-,1332,MEW,東京都,2422,KEGA,東京都,3516,DINASO,東京都,0,,-
HEROIC VERSE,NRG STAR '86 feat. 大山愛未,0,,-,1023,TETU,東京都,1492,TIKTOK,東京都,2660,EXIT,東京都,0,,-
HEROIC VERSE,NEWALONE,0,,-,590,TETU,東京都,1288,TETU,東京都,2021,NIKE.,東京都,0,,-
HEROIC VERSE,Nasty Techniques,0,,-,983,TETU,東京都,1692,-DO96-,東京都,2658,MIKAMO,東京都,0,,-
HEROIC VERSE,Moving on,0,,-,1039,RYU,東京都,1930,-DO96-,東京都,2997,DINASO,東京都,0,,-
HEROIC VERSE,Mel,0,,-,786,MA2RI,東京都,1519,Y13,東京都,2176,EXIT,東京都,0,,-
HEROIC VERSE,Megalara Garuda,0,,-,1488,TETU,東京都,1963,DICE,東京都,3061,DINASO,東京都,0,,-
HEROIC VERSE,Matt Silver,0,,-,1178,RYU,東京都,2146,KT4ER1,東京都,3385,MIKAMO,東京都,0,,-
HEROIC VERSE,Lost Souls,0,,-,699,MASSU,東京都,1698,DICE,東京都,2464,ODEN.,東京都,3957,YOMOGI,東京都
HEROIC VERSE,Lords Of The Roundtable,0,,-,1056,ELAIZA,東京都,1859,DICE,東京都,3080,MIKAMO,東京都,0,,-
HEROIC VERSE,Like+it!,0,,-,1068,SIN.IX,東京都,1751,-DO96-,東京都,2387,DINASO,東京都,0,,-
HEROIC VERSE,LIGHTNING STRIKES,469,TETU,東京都,937,TETU,東京都,1678,TETU,東京都,3264,DINASO,東京都,0,,-
HEROIC VERSE,Level 2,0,,-,928,MONOKO,東京都,1742,557,東京都,2918,MIKAMO,東京都,0,,-
HEROIC VERSE,LASER CRUSTER (IGNITE REMIX),0,,-,792,04*,東京都,1782,DICE,東京都,3554,RIN,東京都,0,,-
HEROIC VERSE,Into The Madness,0,,-,998,TETU,東京都,1558,TETU,東京都,2546,MIKAMO,東京都,0,,-
HEROIC VERSE,Infinity Mirror,0,,-,864,TETU,東京都,1381,TETU,東京都,2322,MIKAMO,東京都,0,,-
HEROIC VERSE,Inferno of Fomalhaut,0,,-,1040,04*,東京都,1920,*SHO5*,東京都,3201,EXIT,東京都,0,,-
HEROIC VERSE,If,0,,-,791,04*,東京都,1354,GEORGE,東京都,1913,NAGACH,東京都,0,,-
HEROIC VERSE,Hyper Drive feat. ぷにぷに電機,0,,-,666,TETU,東京都,1517,TETU,東京都,1998,NIKE.,東京都,0,,-
HEROIC VERSE,Horizons of Promise,0,,-,945,TETU,東京都,1512,CUFFS,東京都,2634,8$.,東京都,0,,-
HEROIC VERSE,Hold My Hand,0,,-,943,04*,東京都,1689,-DO96-,東京都,2490,NIKE.,東京都,0,,-
HEROIC VERSE,GIGA VIOLATE,0,,-,1109,MONOKO,東京都,1615,DATTO,東京都,2757,1048,東京都,0,,-
HEROIC VERSE,GHOST,0,,-,835,TETU,東京都,1479,DELAY,東京都,2792,MIKAMO,東京都,0,,-
HEROIC VERSE,Friction[!]Function,0,,-,1103,TETU,東京都,1791,-DO96-,東京都,3221,DINASO,東京都,0,,-
HEROIC VERSE,Forgetting Machine,0,,-,731,04*,東京都,1255,TETU,東京都,1728,NAGACH,東京都,0,,-
HEROIC VERSE,Fly Above (Vicissitude Remix),0,,-,880,TETU,東京都,1516,TETU,東京都,2394,NIKE.,東京都,0,,-
HEROIC VERSE,fairy cocktail,0,,-,456,RYU,東京都,1099,TETU,東京都,1653,DINASO,東京都,0,,-
HEROIC VERSE,Everlasting Message,0,,-,1246,CUFFS,東京都,2327,DICE,東京都,3837,MIKAMO,東京都,0,,-
HEROIC VERSE,EROICA,0,,-,1395,MEW,東京都,2329,DICE,東京都,3967,MIKAMO,東京都,0,,-
HEROIC VERSE,Drop It,0,,-,1395,TETU,東京都,1989,DUXY.,東京都,2785,DINASO,東京都,0,,-
HEROIC VERSE,Double Dribble,0,,-,1262,TETU,東京都,1930,DICE,東京都,3350,DINASO,東京都,0,,-
HEROIC VERSE,Do What You Want,0,,-,696,TETU,東京都,1263,CUFFS,東京都,2041,NAGACH,東京都,0,,-
HEROIC VERSE,Dans la nuit de l'eternite,0,,-,1397,TETU,東京都,2248,DICE,東京都,3477,MEG*,東京都,0,,-
HEROIC VERSE,Crank It,0,,-,777,TETU,東京都,1454,-DO96-,東京都,2454,NIKE.,東京都,0,,-
HEROIC VERSE,Change Yourself,0,,-,974,TETU,東京都,1756,-DO96-,東京都,2555,DINASO,東京都,0,,-
HEROIC VERSE,Calvados Queen,0,,-,983,TETU,東京都,1528,TETU,東京都,2481,8$.,東京都,0,,-
HEROIC VERSE,Bow shock!!,0,,-,809,TETU,東京都,1970,PICO,東京都,3117,MIKAMO,東京都,0,,-
HEROIC VERSE,Beautiful Harmony (IIDX Mix),0,,-,901,04*,東京都,1704,CUFFS,東京都,2483,MIKAMO,東京都,0,,-
HEROIC VERSE,beatAffection,0,,-,1038,MEW,東京都,1564,ERROR!,東京都,2675,DINASO,東京都,0,,-
HEROIC VERSE,BEAT PRISONER,0,,-,1224,TETU,東京都,2046,PRD***,東京都,3635,DINASO,東京都,0,,-
HEROIC VERSE,Backyard Stars,0,,-,1058,TETU,東京都,1603,DICE,東京都,2283,DINASO,東京都,0,,-
HEROIC VERSE,Artist,0,,-,1299,MEW,東京都,2353,DICE,東京都,3642,MIKAMO,東京都,0,,-
HEROIC VERSE,And-RoiD,0,,-,732,TETU,東京都,1323,TETU,東京都,2015,INARI,東京都,0,,-
HEROIC VERSE,AKASHIC BREAK,0,,-,1256,TETU,東京都,2417,DICE,東京都,3607,MIKAMO,東京都,0,,-
HEROIC VERSE,Advent Infamous,0,,-,1002,TETU,東京都,1662,-DO96-,東京都,2886,1048,東京都,0,,-
HEROIC VERSE,27th style,0,,-,1170,TETU,東京都,1767,Y13,東京都,2580,DINASO,東京都,0,,-
BISTROVER,魔法のかくれんぼ,0,,-,893,8$.,東京都,1640,HONII,東京都,2818,DINASO,東京都,0,,-
BISTROVER,霧幻メモリア,0,,-,957,RYU,東京都,1420,TETU,東京都,2041,NIKE.,東京都,0,,-
BISTROVER,閠槞彁の願い,0,,-,1047,ELAIZA,東京都,2179,NAOTIN,東京都,3164,MIKAMO,東京都,0,,-
BISTROVER,犬に雨傘,0,,-,923,TETU,東京都,1455,TETU,東京都,2129,NIKE.,東京都,0,,-
BISTROVER,無意識のフィロソフィア,0,,-,1124,MEW,東京都,2236,TETU,東京都,3349,MIKAMO,東京都,0,,-
BISTROVER,涙のテ・エストラーニョ・ムーチョ,0,,-,1353,TETU,東京都,2017,CUFFS,東京都,2836,NIKE.,東京都,0,,-
BISTROVER,水鏡の異界,0,,-,897,MEW,東京都,1704,TETU,東京都,3230,8$.,東京都,0,,-
BISTROVER,水無月の雫 ft. 小林まな,0,,-,1246,MONOKO,東京都,1803,-DO96-,東京都,2622,NIKE.,東京都,0,,-
BISTROVER,新宝島,525,TETU,東京都,790,TETU,東京都,1397,-DO96-,東京都,2369,MIKAMO,東京都,0,,-
BISTROVER,儚き恋の華,0,,-,1068,TETU,東京都,1880,PICO,東京都,3019,MIKAMO,東京都,0,,-
BISTROVER,伐折羅-vajra-,0,,-,1159,MEW,東京都,2140,DICE,東京都,3700,MIKAMO,東京都,0,,-
BISTROVER,二人ノ廃城幽踊宴,0,,-,1225,TETU,東京都,2379,DINASO,東京都,3664,MIKAMO,東京都,0,,-
BISTROVER,乱膳の舞姫,0,,-,1058,TETU,東京都,1840,-DO96-,東京都,2750,8$.,東京都,0,,-
BISTROVER,世界の果てに約束の凱歌を -ReUnion-,0,,-,1190,TETU,東京都,1879,MIRA*,東京都,3916,MIKAMO,東京都,0,,-
BISTROVER,バッド・スイーツ、バッド・ドリーム,0,,-,1112,TETU,東京都,1871,PICO,東京都,3641,DINASO,東京都,0,,-
BISTROVER,ディスコルディア,0,,-,1375,MEW,東京都,2402,NAOTIN,東京都,3933,DINASO,東京都,0,,-
BISTROVER,スーパー戦湯ババンバーン,0,,-,1271,TETU,東京都,2133,DUXY.,東京都,3471,8$.,東京都,0,,-
BISTROVER,ここからよろしく大作戦143,268,WATAME,東京都,968,04*,東京都,1775,ERROR!,東京都,2524,NIKE.,東京都,0,,-
BISTROVER,∀,593,TETU,東京都,1324,04*,東京都,2262,NAOTIN,東京都,3566,MEG*,東京都,0,,-
BISTROVER,Zenith,0,,-,827,TETU,東京都,1478,U76NER,東京都,2207,MIKAMO,東京都,0,,-
BISTROVER,X-ray binary,0,,-,980,TETU,東京都,1928,GEORGE,東京都,2822,DINASO,東京都,0,,-
BISTROVER,Winner's Proof ft. KANASA from bless4,276,WLEN7,東京都,763,RYU,東京都,1374,TETU,東京都,2232,DINASO,東京都,0,,-
BISTROVER,When I Met U,0,,-,902,04*,東京都,1318,TETU,東京都,2061,8$.,東京都,0,,-
BISTROVER,WAKE UP NOW,0,,-,963,TETU,東京都,1469,-DO96-,東京都,2013,NIKE.,東京都,0,,-
BISTROVER,Vitrum,0,,-,1089,TETU,東京都,1768,TETU,東京都,3641,DINASO,東京都,0,,-
BISTROVER,Viridian,0,,-,1092,TETU,東京都,1991,DICE,東京都,3374,8$.,東京都,0,,-
BISTROVER,Tiempo Loco,0,,-,1082,TETU,東京都,2046,NAOTIN,東京都,3726,8$.,東京都,0,,-
BISTROVER,The Wind of China Express(The 4th Mashup),0,,-,989,TETU,東京都,1694,CUFFS,東京都,2557,ODEN.,東京都,0,,-
BISTROVER,THE PEERLESS UNDER HEAVEN,0,,-,1161,MEW,東京都,2081,DICE,東京都,3472,8$.,東京都,0,,-
BISTROVER,That Feeling,0,,-,716,TETU,東京都,1237,TETU,東京都,1936,EXIT,東京都,0,,-
BISTROVER,Tell me what you wish feat.らっぷびと,0,,-,1132,RYU,東京都,1625,TETU,東京都,2868,MIKAMO,東京都,0,,-
BISTROVER,Swarm Of Scarabs,0,,-,1053,Y13,東京都,1530,TETU,東京都,2409,DINASO,東京都,0,,-
BISTROVER,Sugarplum,0,,-,886,04*,東京都,1861,-DO96-,東京都,2529,NIKE.,東京都,0,,-
BISTROVER,SOLID STATE SQUAD -RISEN RELIC REMIX-,0,,-,1311,TETU,東京都,2290,DICE,東京都,3285,DINASO,東京都,0,,-
BISTROVER,smooooch・∀・ (Snail's House Remix),0,,-,877,04*,東京都,1585,PURIK2,東京都,2381,DINASO,東京都,0,,-
BISTROVER,Sinus Iridum,0,,-,1228,TETU,東京都,2130,INARI,東京都,3433,MIKAMO,東京都,0,,-
BISTROVER,Scandal,0,,-,965,TETU,東京都,1999,PICO,東京都,2932,MIKAMO,東京都,0,,-
BISTROVER,S-Bahn,0,,-,977,04*,東京都,1577,GALAN,東京都,2180,NIKE.,東京都,0,,-
BISTROVER,Rubrum Piano,0,,-,971,TETU,東京都,1733,GEORGE,東京都,2487,NAGACH,東京都,0,,-
BISTROVER,Rowdy,0,,-,1040,TETU,東京都,1574,TETU,東京都,2508,NIKE.,東京都,0,,-
BISTROVER,Rosa azuL,0,,-,901,TETU,東京都,1805,TETU,東京都,2794,557,東京都,0,,-
BISTROVER,rommmo,0,,-,1219,Y13,東京都,1841,TETU,東京都,3484,DINASO,東京都,0,,-
BISTROVER,Romanticが止まらない,389,Y13,東京都,954,TETU,東京都,1686,PURIK2,東京都,2733,NIKE.,東京都,0,,-
BISTROVER,Ritual of Anubis,0,,-,1184,TETU,東京都,1868,DICE,東京都,2829,DINASO,東京都,0,,-
BISTROVER,Rejection Girl,0,,-,1019,TETU,東京都,1684,PICO,東京都,2683,DINASO,東京都,0,,-
BISTROVER,POLKAMANIA,436,Y13,東京都,994,MEW,東京都,1889,-DO96-,東京都,2985,DINASO,東京都,0,,-
BISTROVER,Playball,0,,-,696,04*,東京都,923,TETU,東京都,1384,NIKE.,東京都,0,,-
BISTROVER,Parvati,0,,-,1030,TETU,東京都,1826,CUFFS,東京都,2884,8$.,東京都,0,,-
BISTROVER,Party Starter,0,,-,999,04*,東京都,1540,-DO96-,東京都,2326,DINASO,東京都,0,,-
BISTROVER,Para siempre,0,,-,960,TETU,東京都,1536,PURIK2,東京都,2914,MIKAMO,東京都,0,,-
BISTROVER,Overslept,0,,-,1154,04*,東京都,1745,TETU,東京都,2587,MIKAMO,東京都,0,,-
BISTROVER,OTOKOZAKA,0,,-,1075,04*,東京都,1896,TETU,東京都,2946,MIKAMO,東京都,0,,-
BISTROVER,of the first magnitude,0,,-,1044,04*,東京都,1888,CUFFS,東京都,2989,8$.,東京都,0,,-
BISTROVER,Ocean Blue feat. Luschel,0,,-,856,RYU,東京都,1449,TETU,東京都,2485,NIKE.,東京都,0,,-
BISTROVER,Neo Heritage,0,,-,952,TETU,東京都,1672,TETU,東京都,2895,DINASO,東京都,0,,-
BISTROVER,MOVE! (We Keep It Movin'),0,,-,774,Y13,東京都,1368,-DO96-,東京都,2211,DINASO,東京都,0,,-
BISTROVER,Midnight Drive,0,,-,601,TETU,東京都,1311,GEORGE,東京都,2009,MIKAMO,東京都,0,,-
BISTROVER,MEGAERA,0,,-,1460,MEW,東京都,2177,DICE,東京都,3519,DINASO,東京都,0,,-
BISTROVER,MA・TSU・RI,0,,-,1104,TETU,東京都,1838,TETU,東京都,2597,DINASO,東京都,0,,-
BISTROVER,Mars beach,0,,-,614,TETU,東京都,1387,TETU,東京都,2254,DINASO,東京都,0,,-
BISTROVER,Lovely Howdy Cowboy!!,0,,-,1087,TETU,東京都,1880,-DO96-,東京都,2791,8$.,東京都,0,,-
BISTROVER,LOCUS OF THE TRAVEL,0,,-,1113,TETU,東京都,2565,MIKAMO,東京都,3734,MIKAMO,東京都,0,,-
BISTROVER,LIKE A VAMPIRE,0,,-,1059,RYU,東京都,1753,TETU,東京都,2822,MIKAMO,東京都,0,,-
BISTROVER,Level 3,0,,-,1179,04*,東京都,2301,MIKAMO,東京都,3574,MIKAMO,東京都,0,,-
BISTROVER,LAST DAY,0,,-,1129,MASIMO,東京都,1721,TETU,東京都,3081,557,東京都,0,,-
BISTROVER,Jungle Eater,0,,-,1022,TETU,東京都,1845,-DO96-,東京都,3023,DINASO,東京都,0,,-
BISTROVER,innocent revolver,0,,-,1124,TETU,東京都,2354,-DO96-,東京都,3890,8$.,東京都,0,,-
BISTROVER,IIDX RED Ending (Ryu☆Remix),0,,-,653,TETU,東京都,1198,PURIK2,東京都,1871,MIKAMO,東京都,0,,-
BISTROVER,Ignis†Irae,0,,-,1094,MONOKO,東京都,2360,DUXY.,東京都,3764,DINASO,東京都,0,,-
BISTROVER,HIGH VOLTAGE,0,,-,827,DUXY.,東京都,1412,DIST,東京都,2282,MIKAMO,東京都,0,,-
BISTROVER,Here We Are,403,WLEN7,東京都,1074,MASIMO,東京都,1707,T-GEL*,東京都,2489,EXIT,東京都,0,,-
BISTROVER,Globe Glitter,0,,-,1059,TETU,東京都,1662,-DO96-,東京都,2721,DINASO,東京都,0,,-
BISTROVER,GIGA RAID,0,,-,981,*OREO*,東京都,1875,DICE,東京都,2432,EXIT,東京都,0,,-
BISTROVER,Frisk And Squeak,0,,-,810,TETU,東京都,1570,TETU,東京都,2438,ODEN.,東京都,0,,-
BISTROVER,Fire Beat,0,,-,1108,T-GEL*,東京都,1795,DICE,東京都,2760,1048,東京都,0,,-
BISTROVER,Farewell to Marrakech,0,,-,905,TETU,東京都,1494,SHINPO,東京都,2282,DINASO,東京都,0,,-
BISTROVER,Explorer feat. ぷにぷに電機,0,,-,756,DUXY.,東京都,1312,CUFFS,東京都,2156,NIKE.,東京都,2917,MIKAMO,東京都
BISTROVER,Euphoric Lagoon,0,,-,894,04*,東京都,1610,DICE,東京都,2612,8$.,東京都,0,,-
BISTROVER,Empire of Fury,0,,-,1370,TETU,東京都,2171,DICE,東京都,3339,8$.,東京都,0,,-
BISTROVER,DUAL STRIKER,0,,-,1190,MEW,東京都,2505,INAMUG,東京都,3884,MIKAMO,東京都,0,,-
BISTROVER,Don't Stop The Music feat. Kanae Asaba,0,,-,688,TETU,東京都,1339,DICE,東京都,1885,DINASO,東京都,0,,-
BISTROVER,DENIM,0,,-,606,04*,東京都,1323,DICE,東京都,1755,DINASO,東京都,0,,-
BISTROVER,Dawn Saga,0,,-,958,TETU,東京都,1660,PICO,東京都,2744,8$.,東京都,0,,-
BISTROVER,Danza Aestas,0,,-,1005,04*,東京都,1739,GEORGE,東京都,3007,557,東京都,0,,-
BISTROVER,Crazy Jackpot,0,,-,1008,04*,東京都,1658,TETU,東京都,2873,DINASO,東京都,0,,-
BISTROVER,COSMIC RAY,0,,-,1282,TETU,東京都,2183,DUXY.,東京都,2959,DINASO,東京都,0,,-
BISTROVER,CONNECT-,0,,-,1034,04*,東京都,1805,CUFFS,東京都,2958,DINASO,東京都,0,,-
BISTROVER,Chewingood!!!,302,BAN-ZO,東京都,870,04*,東京都,1516,DICE,東京都,2630,NIKE.,東京都,0,,-
BISTROVER,Burning Flame,0,,-,1207,Y13,東京都,1848,-DO96-,東京都,2922,MIKAMO,東京都,3820,DINASO,東京都
BISTROVER,BLACK or WHITE?,0,,-,1305,ERROR!,東京都,2516,DICE,東京都,3980,MIKAMO,東京都,0,,-
BISTROVER,BIGソムタム,559,TETU,東京都,1260,TETU,東京都,1891,ARO?NA,東京都,3368,MIKAMO,東京都,0,,-
BISTROVER,BEMANI PRO LEAGUE Theme,0,,-,778,RYU,東京都,1384,MEME,東京都,1986,NIKE.,東京都,0,,-
BISTROVER,ASIAN VIRTUAL REALITIES (MELTING TOGETHER IN DAZZLING DARKNESS),0,,-,1083,TETU,東京都,1906,INARI,東京都,3386,DINASO,東京都,0,,-
BISTROVER,As You Want,0,,-,856,04*,東京都,1497,PICO,東京都,2469,EXIT,東京都,0,,-
BISTROVER,apo:llioth,0,,-,1224,ELAIZA,東京都,2066,OY,東京都,2977,MIKAMO,東京都,0,,-
BISTROVER,AMRITA -不滅ノ花-,0,,-,900,DUXY.,東京都,1614,TETU,東京都,2790,1048,東京都,0,,-
BISTROVER,Ah Hah Yeah,0,,-,715,04*,東京都,1333,AK0,東京都,2205,MIKAMO,東京都,0,,-
BISTROVER,ABSOLUTE (kors k Remix),0,,-,948,Y13,東京都,1540,DUXY.,東京都,2653,MIKAMO,東京都,0,,-
BISTROVER,-65℃,0,,-,1399,TETU,東京都,2284,-DO96-,東京都,3756,MIKAMO,東京都,0,,-
CastHour,黒紅掬い,0,,-,665,TETU,東京都,1215,PURIK2,東京都,1830,MIKAMO,東京都,0,,-
CastHour,青の洞窟,0,,-,907,04*,東京都,1993,TETU,東京都,3177,MIKAMO,東京都,0,,-
CastHour,雪上断火,0,,-,989,MONOKO,東京都,1827,DICE,東京都,3038,U76NER,東京都,0,,-
CastHour,逆月,0,,-,1506,TETU,東京都,2354,*SHO5*,東京都,3796,DINASO,東京都,0,,-
CastHour,踊,183,BAN-ZO,東京都,366,RYU,東京都,820,RYU,東京都,1630,DINASO,東京都,2112,DINASO,東京都
CastHour,禊,0,,-,1074,MEW,東京都,2282,DICE,東京都,3218,DINASO,東京都,0,,-
CastHour,烽火連天の刃,0,,-,1129,VWS-2,東京都,2308,DICE,東京都,3457,MIKAMO,東京都,0,,-
CastHour,月とミルク,0,,-,989,TETU,東京都,1595,-DO96-,東京都,2792,NIKE.,東京都,0,,-
CastHour,愛しくてラヴィンユー ft. マナ,0,,-,807,TETU,東京都,1500,CUFFS,東京都,2414,DINASO,東京都,0,,-
CastHour,怪物,348,RYU,東京都,752,04*,東京都,1197,IVEFAN,東京都,2409,EXIT,東京都,0,,-
CastHour,天邪鬼,0,,-,990,TETU,東京都,1730,-DO96-,東京都,3346,8$.,東京都,0,,-
CastHour,口カラ凸ゲキ,0,,-,912,TETU,東京都,1520,TRI2TY,東京都,2415,NIKE.,東京都,0,,-
CastHour,ミュージック・アワー,550,TETU,東京都,1215,04*,東京都,2121,TETU,東京都,3019,DINASO,東京都,0,,-
CastHour,"ピアノ独奏無言歌 ""灰燼""",0,,-,1193,PICO,東京都,2422,FBI.3,東京都,3829,MIKAMO,東京都,0,,-
CastHour,ハイテックトキオ,0,,-,1099,MEW,東京都,1918,-DO96-,東京都,2718,8$.,東京都,3278,MIKAMO,東京都
CastHour,ナイトフィクション,0,,-,732,04*,東京都,1539,TETU,東京都,2167,DINASO,東京都,0,,-
CastHour,デモーニッシュ,261,TETU,東京都,927,Y13,東京都,1446,SPA*,東京都,2397,MIKAMO,東京都,3115,MIKAMO,東京都
CastHour,シル・ヴ・プレジデント,303,LASK,東京都,653,IKKI,東京都,1213,IROHA*,東京都,1798,KAWORU,東京都,2580,RENNE,東京都
CastHour,グッバイ宣言,584,TETU,東京都,1106,04*,東京都,1791,TETU,東京都,3108,DINASO,東京都,0,,-
CastHour,オールトの雲,0,,-,1233,04*,東京都,1995,TETU,東京都,2659,DINASO,東京都,0,,-
CastHour,オドループ,515,WLEN7,東京都,1105,MEW,東京都,1558,CUFFS,東京都,2349,NIKE.,東京都,2998,557,東京都
CastHour,ウツシミウツシ,0,,-,1264,TETU,東京都,2071,DUXY.,東京都,3177,DINASO,東京都,0,,-
CastHour,アクマフカ,0,,-,757,39NYAN,東京都,1524,TETU,東京都,2321,NIKE.,東京都,0,,-
CastHour,めでてえ,0,,-,1106,TETU,東京都,1743,KT4ER1,東京都,2665,MIKAMO,東京都,0,,-
CastHour,あいつら全員同窓会,368,RYU,東京都,645,TETU,東京都,1240,-DO96-,東京都,2059,DINASO,東京都,0,,-
CastHour,《GRANDMASTER》,0,,-,982,TETU,東京都,1793,SIN.IX,東京都,2959,MIKAMO,東京都,0,,-
CastHour,Xyndrome,0,,-,956,TETU,東京都,1628,DUXY.,東京都,2962,8$.,東京都,0,,-
CastHour,Wonderful Escape,0,,-,973,04*,東京都,1456,TETU,東京都,2102,NIKE.,東京都,0,,-
CastHour,WHA,0,,-,1236,04*,東京都,2310,DICE,東京都,3714,8$.,東京都,0,,-
CastHour,VR - Virtual Reality (prod.by Snail's House),315,WLEN7,東京都,623,ENMT!!,東京都,1164,TETU,東京都,1834,8$.,東京都,2495,MIKAMO,東京都
CastHour,Votania Beat,0,,-,1070,TETU,東京都,1643,-DO96-,東京都,2559,8$.,東京都,0,,-
CastHour,Victory Of Ravers,0,,-,1019,TETU,東京都,1747,TETU,東京都,2598,DINASO,東京都,0,,-
CastHour,Ventriloquist,0,,-,785,RYU,東京都,1525,TETU,東京都,2450,8$.,東京都,0,,-
CastHour,Triple Cross,588,MA2RI,東京都,1132,04*,東京都,2308,DICE,東京都,3298,8$.,東京都,0,,-
CastHour,TOMAHAWK,0,,-,1369,DATTO,東京都,2388,NAOTIN,東京都,3521,EXIT,東京都,0,,-
CastHour,Tail Lights,0,,-,1101,TETU,東京都,1968,-DO96-,東京都,3158,MIKAMO,東京都,0,,-
CastHour,Stepper,0,,-,711,04*,東京都,1516,TETU,東京都,2198,557,東京都,0,,-
CastHour,SPARK IN THE NIGHT,0,,-,873,YOSSY,東京都,1432,TOSHI,東京都,2291,DINASO,東京都,0,,-
CastHour,Souhait bleu,0,,-,910,TETU,東京都,1894,TETU,東京都,2796,8$.,東京都,0,,-
CastHour,SOLID WYVERN,0,,-,1193,TETU,東京都,1930,CUFFS,東京都,2649,1048,東京都,3922,MIKAMO,東京都
CastHour,Smalt #28598F,0,,-,1094,04*,東京都,2350,DICE,東京都,3422,DINASO,東京都,0,,-
CastHour,Skreaming for Salvation,0,,-,828,TETU,東京都,2065,DICE,東京都,3218,MIKAMO,東京都,0,,-
CastHour,Silver Bullet,0,,-,1177,MEME,東京都,2010,DICE,東京都,3244,MIKAMO,東京都,0,,-
CastHour,RAGE feat.H14 of LEONAIR,442,WLEN7,東京都,1104,SHINPO,東京都,2279,KT4ER1,東京都,3590,MIKAMO,東京都,0,,-
CastHour,Push on Beats!～音ゲの国のeX-ストリーマー～,0,,-,1243,04*,東京都,1923,39NYAN,東京都,3436,MEG*,東京都,0,,-
CastHour,Purple Perplex,0,,-,1150,TETU,東京都,1900,MEZASI,東京都,3087,MIKAMO,東京都,0,,-
CastHour,Prohibited Props,0,,-,1044,TETU,東京都,1575,TETU,東京都,2281,NIKE.,東京都,0,,-
CastHour,Pout,0,,-,1069,MONOKO,東京都,1775,DICE,東京都,2625,MIKAMO,東京都,0,,-
CastHour,PLASMA SOUL NIGHT feat. Nana Takahashi / 709sec.,436,KAN,東京都,1490,PICO,東京都,2673,NAOTIN,東京都,4491,MIKAMO,東京都,0,,-
CastHour,PIRATES BLADE,0,,-,926,RYU,東京都,1508,SUBARU,東京都,2170,8$.,東京都,0,,-
CastHour,P.O.W.E.R.,0,,-,1058,TETU,東京都,1770,-DO96-,東京都,2361,DINASO,東京都,0,,-
CastHour,Onyx,0,,-,902,TETU,東京都,1520,SHINPO,東京都,2423,MIKAMO,東京都,0,,-
CastHour,One for All,0,,-,1020,TETU,東京都,1789,-DO96-,東京都,3208,EXIT,東京都,0,,-
CastHour,Non Stop Rock,0,,-,795,04*,東京都,1300,TETU,東京都,1893,DINASO,東京都,0,,-
CastHour,Nocturnal 2097,0,,-,955,TETU,東京都,1936,DUXY.,東京都,2945,DINASO,東京都,0,,-
CastHour,No Day But Today!,440,Y13,東京都,744,RYU,東京都,1317,TETU,東京都,1994,DINASO,東京都,0,,-
CastHour,n/a,0,,-,1238,CUFFS,東京都,1992,DICE,東京都,3563,MIKAMO,東京都,0,,-
CastHour,N.O.,0,,-,833,TETU,東京都,1510,GALAN,東京都,2536,NIKE.,東京都,0,,-
CastHour,LIVE DRIVING!! feat. 花たん,0,,-,1616,TETU,東京都,2530,-DO96-,東京都,3844,DINASO,東京都,0,,-
CastHour,Legendary Treasures,0,,-,1146,TETU,東京都,1781,-DO96-,東京都,2889,8$.,東京都,0,,-
CastHour,Lawes's Parotia,0,,-,901,04*,東京都,1727,TIKTOK,東京都,2580,8$.,東京都,0,,-
CastHour,kors k's How to make OTOGE CORE,0,,-,795,TETU,東京都,1507,CUFFS,東京都,2332,NIKE.,東京都,0,,-
CastHour,ILAYZA,0,,-,1178,MONOKO,東京都,2076,DUXY.,東京都,2832,8$.,東京都,0,,-
CastHour,HEARTACHE,0,,-,489,TETU,東京都,1176,TETU,東京都,1854,DINASO,東京都,0,,-
CastHour,Hat Surprise,0,,-,684,MA2RI,東京都,1596,TETU,東京都,2457,DINASO,東京都,0,,-
CastHour,Harmonia,0,,-,751,04*,東京都,1241,MONOKO,東京都,2025,NIKE.,東京都,0,,-
CastHour,hard-wired,0,,-,1580,MEW,東京都,2338,DICE,東京都,3651,MEG*,東京都,0,,-
CastHour,GRAVITON,0,,-,1173,TETU,東京都,2055,DUXY.,東京都,3490,MEG*,東京都,0,,-
CastHour,GiGaGaHell,0,,-,1352,MEW,東京都,2092,DICE,東京都,3236,DINASO,東京都,0,,-
CastHour,"Get set, Go! feat.Kanae Asaba",0,,-,845,Y13,東京都,1468,-DO96-,東京都,2132,NAGACH,東京都,0,,-
CastHour,Game Changers,0,,-,754,MA2RI,東京都,1426,BA9SAI,東京都,2730,INAMUG,東京都,0,,-
CastHour,Flying Castle,0,,-,1084,MEW,東京都,2311,NAOTIN,東京都,3698,RIN,東京都,0,,-
CastHour,FINALLY BLAZE,0,,-,921,TETU,東京都,1785,SUBARU,東京都,2830,DINASO,東京都,0,,-
CastHour,Fegrix,0,,-,1248,MEW,東京都,2286,DICE,東京都,3327,8$.,東京都,0,,-
CastHour,Fantastic Merry-Go-Round,0,,-,1084,04*,東京都,1503,-DO96-,東京都,2121,DINASO,東京都,0,,-
CastHour,Ergosphere,0,,-,999,Y13,東京都,1825,CUFFS,東京都,2755,8$.,東京都,0,,-
CastHour,EMOTiON TRiPPER,0,,-,953,04*,東京都,1488,-DO96-,東京都,2194,ODEN.,東京都,0,,-
CastHour,Emera,0,,-,892,TETU,東京都,1633,DUXY.,東京都,2343,EXIT,東京都,0,,-
CastHour,DREAM OF SPACE UFO ABDUCTION,0,,-,1075,MASIMO,東京都,1816,GALAN,東京都,2725,8$.,東京都,0,,-
CastHour,Don't believe the hype,0,,-,1160,MEW,東京都,2232,AKACH,東京都,3259,MIKAMO,東京都,0,,-
CastHour,Divine Heaven,0,,-,942,DUXY.,東京都,1962,TETU,東京都,2991,DINASO,東京都,0,,-
CastHour,DISPARATE,0,,-,1035,TETU,東京都,1799,TETU,東京都,2477,DINASO,東京都,0,,-
CastHour,Brave Spirits,0,,-,714,RYU,東京都,1413,TETU,東京都,2493,NIKE.,東京都,0,,-
CastHour,Blue Bird feat. Kanae Asaba,0,,-,661,RYU,東京都,1116,-DO96-,東京都,1798,NIKE.,東京都,0,,-
CastHour,Binary Black Hole,0,,-,1348,TETU,東京都,2332,NAOTIN,東京都,3918,MIKAMO,東京都,0,,-
CastHour,Banger Banger Banger Banger,0,,-,982,TETU,東京都,1775,-DO96-,東京都,2971,DINASO,東京都,0,,-
CastHour,Arkadia,0,,-,1178,MEW,東京都,2078,GEORGE,東京都,3700,MIKAMO,東京都,0,,-
CastHour,Ariah,0,,-,712,TETU,東京都,1482,ELAIZA,東京都,2179,DINASO,東京都,0,,-
CastHour,Angel's Ladder,0,,-,1076,MEW,東京都,2280,DICE,東京都,3509,MIKAMO,東京都,0,,-
CastHour,ANEMONE,222,IKKI,東京都,774,Y13,東京都,1605,.0,東京都,2138,KT4ER1,東京都,0,,-
CastHour,AMICABLE,0,,-,1025,TETU,東京都,1591,TETU,東京都,2505,RIN,東京都,0,,-
CastHour,ALTERNATOR,0,,-,1355,MEW,東京都,2537,NAOTIN,東京都,3775,MIKAMO,東京都,0,,-
CastHour,Aftermath,0,,-,1224,DUXY.,東京都,2388,DICE,東京都,3609,DINASO,東京都,0,,-
CastHour,ABSOLUTE EVIL,253,YOSSY,東京都,1198,MEW,東京都,2233,DICE,東京都,3500,MIKAMO,東京都,0,,-
CastHour,808monkey,0,,-,755,TETU,東京都,1201,KT4ER1,東京都,1826,NIKE.,東京都,0,,-
CastHour,2 Beasts Unchained,0,,-,1481,TETU,東京都,2251,DICE,東京都,3469,MIKAMO,東京都,0,,-
CastHour,10000 MILES AWAY,0,,-,1047,SPA*,東京都,1659,SUBARU,東京都,2966,8$.,東京都,0,,-
RESIDENT,響花水月,0,,-,1184,MONOKO,東京都,1913,DUXY.,東京都,2959,DINASO,東京都,0,,-
RESIDENT,雨のちパノラマセカイ,0,,-,812,RYU,東京都,1428,-DO96-,東京都,2222,DINASO,東京都,0,,-
RESIDENT,輪廻の鴉,0,,-,1023,TETU,東京都,1791,DUXY.,東京都,2786,NIKE.,東京都,0,,-
RESIDENT,罪過の聖堂,0,,-,838,F.MAXX,東京都,1374,HUYU,東京都,2099,MIKAMO,東京都,0,,-
RESIDENT,神のシナリオ,0,,-,1163,BO2LU,東京都,1744,-DO96-,東京都,3273,MIKAMO,東京都,0,,-
RESIDENT,神っぽいな,372,WLEN7,東京都,763,XAQ-XQ,東京都,1433,TIKTOK,東京都,2148,DINASO,東京都,0,,-
RESIDENT,真夜中のバベル,0,,-,716,04*,東京都,1174,PURIK2,東京都,1743,557,東京都,0,,-
RESIDENT,異心前進♪ぴょんぴょんぴょん,0,,-,1109,TETU,東京都,1664,DIST,東京都,2517,8$.,東京都,0,,-
RESIDENT,生きるよすが,443,TETU,東京都,941,RYU,東京都,1502,-DO96-,東京都,2508,557,東京都,0,,-
RESIDENT,湘南ロンリーMIDNIGHT RAIN,0,,-,960,8KELCH,東京都,1783,PURIK2,東京都,2867,NIKE.,東京都,0,,-
RESIDENT,楽園追放,0,,-,932,TETU,東京都,1541,GEORGE,東京都,2427,TETSUO,東京都,0,,-
RESIDENT,栄冠のカンパネラ,0,,-,1361,TETU,東京都,2170,MARU-N,東京都,3929,MEG*,東京都,0,,-
RESIDENT,月と夢の跡 ft. マナ,0,,-,945,KIKO,東京都,1523,PURIK2,東京都,2531,MIKAMO,東京都,0,,-
RESIDENT,昏き甲鉄のヴェルガ,0,,-,910,TETU,東京都,1612,CUFFS,東京都,2353,NIKE.,東京都,0,,-
RESIDENT,新時代,335,WLEN7,東京都,758,04*,東京都,1260,CUFFS,東京都,2342,NIKE.,東京都,0,,-
RESIDENT,惑星☆ロリポップ,0,,-,786,TETU,東京都,1597,-DO96-,東京都,2838,MIKAMO,東京都,0,,-
RESIDENT,恋愛＝精度×認識力,0,,-,1616,DINASO,東京都,2381,DINASO,東京都,3447,MIKAMO,東京都,0,,-
RESIDENT,少年リップルズ,0,,-,887,ALPHA,東京都,1786,-DO96-,東京都,2478,MIKAMO,東京都,0,,-
RESIDENT,儚キ戀ノ幻想譚,593,DICE,東京都,1566,-DO96-,東京都,2294,DICE,東京都,3595,DINASO,東京都,0,,-
RESIDENT,マツケンサンバII,403,Y13,東京都,1117,RYU,東京都,1831,-DO96-,東京都,2915,DINASO,東京都,0,,-
RESIDENT,パーフェクトイーター,0,,-,1167,Y13,東京都,2080,DUXY.,東京都,3043,DINASO,東京都,0,,-
RESIDENT,チェイスチェイスジョーカーズのうた (オニスタイルリミックス),0,,-,981,BAN-ZO,東京都,1735,-DO96-,東京都,2846,MIKAMO,東京都,0,,-
RESIDENT,サヨナラ・ヘヴン-Celtic Chip Dance Mix-,0,,-,912,TETU,東京都,1521,XAB,東京都,2630,DINASO,東京都,0,,-
RESIDENT,ちょえちょえまぎか,0,,-,1220,TETU,東京都,2299,DICE,東京都,3052,8$.,東京都,0,,-
RESIDENT,ぞうしょく！？マイデンティティ,0,,-,1271,MONOKO,東京都,2297,DICE,東京都,3668,DINASO,東京都,0,,-
RESIDENT,きゅんです。,0,,-,730,WLEN7,東京都,1439,1048,東京都,2354,DINASO,東京都,0,,-
RESIDENT,おとせサンダー,214,WLEN7,東京都,668,RYU,東京都,1199,CUFFS,東京都,2173,NIKE.,東京都,0,,-
RESIDENT,いつかオトナになれるといいね。,554,RYU,東京都,1123,-FRAN-,東京都,1959,-DO96-,東京都,3042,MIKAMO,東京都,0,,-
RESIDENT,あるビー！ feat.ころねぽち,0,,-,988,Y13,東京都,1774,-DO96-,東京都,2883,8$.,東京都,0,,-
RESIDENT,《ORDERBREAKER》,0,,-,1005,DUXY.,東京都,1604,Y13,東京都,2469,DINASO,東京都,0,,-
RESIDENT,■□模様,0,,-,982,TETU,東京都,1543,TETU,東京都,2665,NIKE.,東京都,0,,-
RESIDENT,≡+≡,601,TETU,東京都,1386,DIST,東京都,2134,PICO,東京都,3034,MIKAMO,東京都,0,,-
RESIDENT,[ ]DENTITY,0,,-,1169,TETU,東京都,2118,*SHO5*,東京都,3864,MIKAMO,東京都,0,,-
RESIDENT,ZENITH,0,,-,1139,EIEIEI,東京都,1987,DUXY.,東京都,3024,DINASO,東京都,0,,-
RESIDENT,Xerulean,0,,-,1356,TETU,東京都,2055,AMHQ,東京都,3501,MIKAMO,東京都,0,,-
RESIDENT,With You,0,,-,836,RYU,東京都,1581,DBJACK,東京都,2571,DINASO,東京都,0,,-
RESIDENT,"wanna be a ""BAD GIRL"" feat. Nana Takahashi",0,,-,799,04*,東京都,1311,DIST,東京都,2055,DINASO,東京都,0,,-
RESIDENT,VØID,0,,-,1363,PICO,東京都,2011,PICO,東京都,3314,MIKAMO,東京都,0,,-
RESIDENT,VOLCANIC BIGBEAT,0,,-,1076,SO902I,東京都,1842,DICE,東京都,2856,1048,東京都,0,,-
RESIDENT,VOLAQUAS,0,,-,1329,Y13,東京都,2217,NAOTIN,東京都,3904,DINASO,東京都,0,,-
RESIDENT,THE TIME MACHINE,0,,-,1074,MONOKO,東京都,1719,SYOMO7,東京都,2689,MIKAMO,東京都,0,,-
RESIDENT,The Clown of 24stairs,0,,-,1156,PICO,東京都,2213,PICO,東京都,3449,MIKAMO,東京都,0,,-
RESIDENT,TECHNOPHOBIA,0,,-,808,04*,東京都,1658,#ZZ.,東京都,3027,557,東京都,0,,-
RESIDENT,Swing My Wonderland,0,,-,1310,TETU,東京都,2318,-DO96-,東京都,3127,MIKAMO,東京都,0,,-
RESIDENT,suspicions,0,,-,1195,TETU,東京都,2284,DICE,東京都,3744,FREAKY,東京都,0,,-
RESIDENT,Super Freak,0,,-,1120,TETU,東京都,1898,TETU,東京都,3468,MIKAMO,東京都,0,,-
RESIDENT,Sunny Day Vibes,0,,-,952,04*,東京都,1628,SOUTHF,東京都,2300,MIKAMO,東京都,0,,-
RESIDENT,Summerblue,372,WLEN7,東京都,1097,04*,東京都,1733,DUXY.,東京都,2451,DINASO,東京都,0,,-
RESIDENT,Stylus,0,,-,1238,LEONE,東京都,1956,DUXY.,東京都,2868,MIKAMO,東京都,0,,-
RESIDENT,STRAIGHT TO THE STARS,0,,-,1048,TETU,東京都,1738,-DO96-,東京都,2999,NAGACH,東京都,0,,-
RESIDENT,STAR BEAT,0,,-,849,DICE,東京都,1741,DUXY.,東京都,2448,DINASO,東京都,0,,-
RESIDENT,Somnidiscotheque,0,,-,1356,PICO,東京都,2044,PICO,東京都,3340,MIKAMO,東京都,0,,-
RESIDENT,Shamshir,0,,-,1070,TETU,東京都,1465,Y13,東京都,2240,MIKAMO,東京都,0,,-
RESIDENT,Shadow World,0,,-,993,04*,東京都,1668,-DO96-,東京都,2730,8$.,東京都,0,,-
RESIDENT,Seraph,0,,-,972,MONOKO,東京都,1829,DUXY.,東京都,2454,MIKAMO,東京都,0,,-
RESIDENT,Ruler or Loser,0,,-,985,04*,東京都,1679,MARU-N,東京都,2671,NIKE.,東京都,0,,-
RESIDENT,RINNE,0,,-,1190,TETU,東京都,2334,DICE,東京都,3540,DINASO,東京都,0,,-
RESIDENT,Rewind Time,0,,-,714,RYU,東京都,1286,PURIK2,東京都,2211,NIKE.,東京都,0,,-
RESIDENT,Red Soul,0,,-,1061,EIEIEI,東京都,1790,-DO96-,東京都,2922,DINASO,東京都,0,,-
RESIDENT,Programmed Genom,0,,-,1109,RYU,東京都,1594,HA.,東京都,2423,8$.,東京都,0,,-
RESIDENT,Perfect Plan,0,,-,1145,RIE-K*,東京都,1765,DUXY.,東京都,2631,MIKAMO,東京都,0,,-
RESIDENT,Peng-Ging Sky High!!,0,,-,1091,RYU,東京都,1444,GEORGE,東京都,2666,DINASO,東京都,0,,-
RESIDENT,Peaktime Booster,0,,-,1158,TETU,東京都,1889,PICO,東京都,3282,DINASO,東京都,0,,-
RESIDENT,OVER VOLTAGE,0,,-,1097,MONOKO,東京都,1818,-DO96-,東京都,2628,DINASO,東京都,0,,-
RESIDENT,Ou Legends,0,,-,1151,MEW,東京都,2093,DUXY.,東京都,3305,DINASO,東京都,0,,-
RESIDENT,ONE AND ONLY,0,,-,1186,DIST,東京都,1810,-DO96-,東京都,3239,MIKAMO,東京都,0,,-
RESIDENT,No Border,0,,-,1148,KA2ME4,東京都,2010,PICO,東京都,3741,DINASO,東京都,0,,-
RESIDENT,Next Level,0,,-,949,LEONE,東京都,1607,TETU,東京都,2193,NIKE.,東京都,0,,-
RESIDENT,Move UR Body,0,,-,1160,SO902I,東京都,1748,CUFFS,東京都,2627,8$.,東京都,0,,-
RESIDENT,Meissa,0,,-,905,8KELCH,東京都,1617,PURIK2,東京都,2850,MIKAMO,東京都,0,,-
RESIDENT,MAX 360,0,,-,1211,TETU,東京都,2322,DICE,東京都,3188,DINASO,東京都,0,,-
RESIDENT,mathematical good-bye,0,,-,1172,Y13,東京都,1802,CUFFS,東京都,2851,DINASO,東京都,0,,-
RESIDENT,Luna Plena,0,,-,875,Y13,東京都,1585,CUFFS,東京都,2611,NIKE.,東京都,0,,-
RESIDENT,LOUDER ROLLING THUNDER,0,,-,1093,MONOKO,東京都,2006,DICE,東京都,3438,MIKAMO,東京都,0,,-
RESIDENT,Level 4,0,,-,1211,TETU,東京都,2092,DICE,東京都,3636,MIKAMO,東京都,0,,-
RESIDENT,LADS,0,,-,948,KT4ER1,東京都,1660,-DO96-,東京都,2306,NIKE.,東京都,0,,-
RESIDENT,kors k's How to make OTOGE CORE 「LONG」,0,,-,1214,PICO,東京都,2428,PICO,東京都,3654,DINASO,東京都,0,,-
RESIDENT,KING,451,TETU,東京都,943,WATAME,東京都,1984,MIKAMO,東京都,3104,MIKAMO,東京都,3939,DINASO,東京都
RESIDENT,I,0,,-,1246,MEW,東京都,2304,DICE,東京都,3740,DINASO,東京都,0,,-
RESIDENT,Hat Surprise (Season 2),0,,-,1008,TETU,東京都,1801,CUFFS,東京都,3423,MIKAMO,東京都,0,,-
RESIDENT,glacia,0,,-,1199,TETU,東京都,2153,DUXY.,東京都,2965,RIN,東京都,0,,-
RESIDENT,GET UP AGAIN,0,,-,1100,MONOKO,東京都,1699,1048,東京都,2449,8$.,東京都,0,,-
RESIDENT,Get On Your Feet,0,,-,1135,TETU,東京都,1793,DUXY.,東京都,2742,1048,東京都,0,,-
RESIDENT,FLARE -炎舞- ft.Nana Takahashi,0,,-,1133,RYU,東京都,1910,*SHO5*,東京都,2904,DINASO,東京都,0,,-
RESIDENT,Fading Stars,0,,-,1097,TETU,東京都,1638,GALAN,東京都,2729,MIKAMO,東京都,0,,-
RESIDENT,EZ DO DANCE,392,WLEN7,東京都,765,RYU,東京都,1391,BILL,東京都,1982,NIKE.,東京都,0,,-
RESIDENT,EXODUS SIGN,0,,-,1222,TETU,東京都,1802,DUXY.,東京都,2694,DINASO,東京都,0,,-
RESIDENT,Driver,0,,-,895,RYU,東京都,1288,VWS-2,東京都,1810,1048,東京都,0,,-
RESIDENT,Dreaming Dream,0,,-,840,TETU,東京都,1422,-DO96-,東京都,2284,DINASO,東京都,0,,-
RESIDENT,dica dica,0,,-,1179,04*,東京都,2433,DINASO,東京都,3164,RIN,東京都,0,,-
RESIDENT,DIAMOND JACKAL,0,,-,1068,TETU,東京都,1593,OY,東京都,2605,MIKAMO,東京都,0,,-
RESIDENT,CUE CUE RESCUE,534,Y13,東京都,1154,04*,東京都,1682,DUXY.,東京都,2552,NIKE.,東京都,0,,-
RESIDENT,CODE -CRiMSON-,0,,-,1306,TETU,東京都,1895,TETU,東京都,3012,MIKAMO,東京都,0,,-
RESIDENT,Chaotoxin,0,,-,1184,MEW,東京都,1744,TETU,東京都,3382,MIKAMO,東京都,0,,-
RESIDENT,Caldwell 99,0,,-,1059,Y13,東京都,1888,DUXY.,東京都,2565,MIKAMO,東京都,0,,-
RESIDENT,C-C-C-N-N-N,0,,-,979,RYU,東京都,1740,DUXY.,東京都,2846,DINASO,東京都,0,,-
RESIDENT,BIGWAVERS,0,,-,1174,PICO,東京都,1921,PICO,東京都,3552,MIKAMO,東京都,0,,-
RESIDENT,Beyond Evolution,0,,-,1505,PICO,東京都,2573,8$.,東京都,4262,MEG*,東京都,0,,-
RESIDENT,Bad Encryption,0,,-,1322,MEW,東京都,1996,DICE,東京都,3183,MIKAMO,東京都,0,,-
RESIDENT,B.O.D.Y.,0,,-,1090,AMIAT-,東京都,2158,DICE,東京都,3409,EXIT,東京都,0,,-
RESIDENT,AWA AWA,0,,-,788,RYU,東京都,1312,CUFFS,東京都,2331,NIKE.,東京都,0,,-
RESIDENT,anthracene,0,,-,954,MONOKO,東京都,1843,8KELCH,東京都,3431,MIKAMO,東京都,0,,-
RESIDENT,Ambush Ace,0,,-,1077,WLEN7,東京都,2114,TETU,東京都,2970,NIKE.,東京都,0,,-
RESIDENT,Always We Trust In You,0,,-,1193,8KELCH,東京都,1851,TETU,東京都,3196,DINASO,東京都,0,,-
RESIDENT,7 Colors,0,,-,632,RYU,東京都,1198,TETU,東京都,1939,NIKE.,東京都,0,,-
RESIDENT,3V0,0,,-,1040,SO902I,東京都,1802,Y13,東京都,3032,MIKAMO,東京都,0,,-
RESIDENT,24h Endurance Race,0,,-,1000,TETU,東京都,2131,DICE,東京都,3414,DINASO,東京都,0,,-
RESIDENT,#CMFLG,0,,-,1190,MEW,東京都,2327,-DO96-,東京都,3457,DINASO,東京都,0,,-
EPOLIS,電腦都市,0,,-,1430,1048,東京都,2326,1048,東京都,3426,DINASO,東京都,0,,-
EPOLIS,電子になりたい,0,,-,849,04*,東京都,1453,DICE,東京都,2029,DINASO,東京都,0,,-
EPOLIS,電光,0,,-,1087,MIKAMO,東京都,1922,1048,東京都,3094,DINASO,東京都,0,,-
EPOLIS,雫,0,,-,1024,DICE,東京都,2058,DICE,東京都,2712,MIKAMO,東京都,0,,-
EPOLIS,閉塞的フレーション,0,,-,1028,DICE,東京都,1646,DICE,東京都,2439,MIKAMO,東京都,0,,-
EPOLIS,酔いどれ知らず,276,DICE,東京都,830,04*,東京都,1297,P-TAN,東京都,2234,NIKE.,東京都,0,,-
EPOLIS,終焔のClaudia,0,,-,1416,ENMT!!,東京都,1994,DICE,東京都,2781,MIKAMO,東京都,0,,-
EPOLIS,神様、つれない。,0,,-,703,DICE,東京都,1433,DICE,東京都,2163,557,東京都,0,,-
EPOLIS,"灼熱Beach Side Bunny (かめりあ's ""Summertime D'n'B"" Remix)",0,,-,1079,DICE,東京都,1966,Y13,東京都,3234,MIKAMO,東京都,0,,-
EPOLIS,流桜ノ門,0,,-,1020,PICO,東京都,1608,PICO,東京都,2145,MIKAMO,東京都,0,,-
EPOLIS,残像ニ繋ガレタ追憶ノHIDEAWAY,0,,-,1200,PICO,東京都,2318,PICO,東京都,3565,MIKAMO,東京都,0,,-
EPOLIS,果たせぬ約束 ft. 小林マナ,0,,-,1183,LEONE,東京都,1973,1048,東京都,3026,DINASO,東京都,0,,-
EPOLIS,未完成ノ蒸氣驅動乙女,0,,-,1094,TETU,東京都,2118,KEGA,東京都,3027,DINASO,東京都,0,,-
EPOLIS,摩天楼,0,,-,695,DICE,東京都,1513,DICE,東京都,2582,DINASO,東京都,0,,-
EPOLIS,愛包ダンスホール,354,Y13,東京都,941,CUFFS,東京都,1397,TETU,東京都,2591,DINASO,東京都,0,,-
EPOLIS,惑星鉄道,0,,-,1137,MASSU,東京都,2128,MIKAMO,東京都,2998,MIKAMO,東京都,0,,-
EPOLIS,寝起きヤシの木,475,LEONE,東京都,1096,YANO.Y,東京都,1836,DICE,東京都,2813,DINASO,東京都,0,,-
EPOLIS,夢縁,0,,-,1209,YANO.Y,東京都,2129,DICE,東京都,3024,DINASO,東京都,0,,-
EPOLIS,夏風邪デスコ,0,,-,824,PICO,東京都,1784,PICO,東京都,2677,DINASO,東京都,0,,-
EPOLIS,唱,192,BAN-ZO,東京都,464,P-TAN,東京都,1026,DICE,東京都,1781,DINASO,東京都,0,,-
EPOLIS,可愛くてごめん,286,Y13,東京都,628,04*,東京都,1406,PICO,東京都,2266,EXIT,東京都,0,,-
EPOLIS,勇者,377,YOSSY,東京都,814,04*,東京都,1444,YANO.Y,東京都,2486,8$.,東京都,0,,-
EPOLIS,傷つけど、愛してる。,352,LEONE,東京都,884,LEONE,東京都,1404,PICO,東京都,2099,8$.,東京都,0,,-
EPOLIS,今宵、ロマンス横丁。,0,,-,1145,DICE,東京都,2343,DICE,東京都,3361,DINASO,東京都,0,,-
EPOLIS,リメンバーリメンバー,0,,-,516,PICO,東京都,984,PICO,東京都,1698,DINASO,東京都,0,,-
EPOLIS,ラビットホール,686,BAN-ZO,東京都,1420,P-TAN,東京都,2101,-DO96-,東京都,2933,DINASO,東京都,0,,-
EPOLIS,マーシャル・マキシマイザー,428,P-TAN,東京都,820,04*,東京都,1456,INARI,東京都,2162,DINASO,東京都,0,,-
EPOLIS,ポラリスノウタ,0,,-,869,DICE,東京都,1658,DICE,東京都,2281,NIKE.,東京都,0,,-
EPOLIS,フォニイ,632,LEONE,東京都,1228,04*,東京都,2020,PICO,東京都,2905,DINASO,東京都,0,,-
EPOLIS,デビルじゃないもん,347,PIXY,東京都,838,04*,東京都,1384,-DO96-,東京都,2103,DINASO,東京都,0,,-
EPOLIS,センチメンタル・サマー,0,,-,674,LEONE,東京都,1304,PICO,東京都,2003,DINASO,東京都,0,,-
EPOLIS,シンデレラ,0,,-,876,PICO,東京都,1560,PICO,東京都,2236,NIKE.,東京都,0,,-
EPOLIS,アタシ完全絶対正義ちゃん！,0,,-,996,YANO.Y,東京都,1620,DICE,東京都,2159,NIKE.,東京都,0,,-
EPOLIS,アイドル,282,405,東京都,890,04*,東京都,1522,INARI,東京都,2619,MIKAMO,東京都,0,,-
EPOLIS,れとりば！,0,,-,862,405,東京都,1341,DICE,東京都,2064,MIKAMO,東京都,0,,-
EPOLIS,めうめうぺったんたん！！ (ZAQUVA Remix),0,,-,1056,PICO,東京都,1940,PICO,東京都,2822,DINASO,東京都,0,,-
EPOLIS,ないないルーティン,0,,-,596,04*,東京都,1382,PICO,東京都,2101,MIKAMO,東京都,0,,-
EPOLIS,ちゅ、多様性。,220,LEONE,東京都,528,04*,東京都,1152,PICO,東京都,1924,DCSYHI,東京都,0,,-
EPOLIS,《PL|RAYER》,0,,-,936,TETU,東京都,1762,FBI.3,東京都,2824,DINASO,東京都,0,,-
EPOLIS,ZEROIN ON THE LIGHT,0,,-,1132,DICE,東京都,1772,1048,東京都,2684,DINASO,東京都,0,,-
EPOLIS,Xb10r,0,,-,1219,DICE,東京都,2401,PICO,東京都,3616,8$.,東京都,0,,-
EPOLIS,winkle 2 winkle,0,,-,1067,DICE,東京都,1892,FBI.3,東京都,2813,DINASO,東京都,0,,-
EPOLIS,WaterCube Pf.(RX-Ver.S.P.L.),0,,-,584,DICE,東京都,1379,DICE,東京都,2212,DINASO,東京都,0,,-
EPOLIS,Vulnerability,0,,-,1328,DICE,東京都,1996,DICE,東京都,3685,DINASO,東京都,0,,-
EPOLIS,Vermilion Carol,0,,-,1381,DICE,東京都,2246,DICE,東京都,3636,MIKAMO,東京都,0,,-
EPOLIS,Tripping Jumping,0,,-,848,PICO,東京都,1610,PICO,東京都,2311,MIKAMO,東京都,0,,-
EPOLIS,TRIP THE DEEP,0,,-,1016,DICE,東京都,1646,DICE,東京都,2549,DINASO,東京都,0,,-
EPOLIS,Too Late Snow,0,,-,808,LEONE,東京都,1434,-DO96-,東京都,2025,1048,東京都,0,,-
EPOLIS,TITANIUM RIDERS,0,,-,900,DICE,東京都,1521,DICE,東京都,2140,DINASO,東京都,0,,-
EPOLIS,Time Distortion pt.2(IIDX Edit),0,,-,1334,PICO,東京都,1988,PICO,東京都,2979,DINASO,東京都,0,,-
EPOLIS,This Is Club Musik feat. 大久保紅葉,0,,-,1110,PICO,東京都,1792,PICO,東京都,2667,DINASO,東京都,0,,-
EPOLIS,The Onlyonez,0,,-,1028,DICE,東京都,1736,DICE,東京都,3148,DINASO,東京都,0,,-
EPOLIS,The Last Apocalypse,0,,-,1427,-DO96-,東京都,2523,DICE,東京都,3776,DINASO,東京都,0,,-
EPOLIS,T.R.O.L.L.,0,,-,1034,DICE,東京都,1766,DICE,東京都,2593,EXIT,東京都,0,,-
EPOLIS,Sword of Vengeance,0,,-,1440,-DO96-,東京都,2198,DICE,東京都,3274,DINASO,東京都,0,,-
EPOLIS,Submerge Serenade,0,,-,1096,PICO,東京都,1845,PICO,東京都,2966,DINASO,東京都,0,,-
EPOLIS,Stereo Beasts,0,,-,1354,DICE,東京都,2587,DICE,東京都,3717,DINASO,東京都,0,,-
EPOLIS,squall,0,,-,1223,DICE,東京都,1802,DICE,東京都,2699,DINASO,東京都,0,,-
EPOLIS,Speculation,0,,-,1024,PICO,東京都,1822,PICO,東京都,3043,MIKAMO,東京都,0,,-
EPOLIS,SOLAR ECLIPSE,0,,-,1521,PICO,東京都,2485,NAOTIN,東京都,3667,MEG*,東京都,0,,-
EPOLIS,So What,0,,-,628,YOSSY,東京都,1172,-DO96-,東京都,1858,DINASO,東京都,0,,-
EPOLIS,Sirius,0,,-,1026,DICE,東京都,1696,PICO,東京都,3253,DINASO,東京都,0,,-
EPOLIS,Shapeshifter,0,,-,1132,PICO,東京都,1739,DICE,東京都,2547,MIKAMO,東京都,0,,-
EPOLIS,Seven Times Four,0,,-,1185,DICE,東京都,2025,DICE,東京都,3497,DINASO,東京都,0,,-
EPOLIS,See You Again,0,,-,1193,DICE,東京都,1901,DICE,東京都,3151,DINASO,東京都,0,,-
EPOLIS,Riff//rain,212,MA2RI,東京都,738,DICE,東京都,1274,405,東京都,1814,DINASO,東京都,0,,-
EPOLIS,Resonant,0,,-,1082,DICE,東京都,2381,DICE,東京都,3670,MIKAMO,東京都,0,,-
EPOLIS,Red Determination,0,,-,1068,DICE,東京都,1620,DICE,東京都,2675,MIKAMO,東京都,0,,-
EPOLIS,Psychedelic Intelligence,0,,-,1268,DICE,東京都,1905,DICE,東京都,2891,MIKAMO,東京都,0,,-
EPOLIS,PILGRIM,0,,-,985,DICE,東京都,1732,DICE,東京都,2743,DINASO,東京都,0,,-
EPOLIS,out of disk space,0,,-,1123,LEONE,東京都,1991,DICE,東京都,2605,8$.,東京都,0,,-
EPOLIS,Out of Control,0,,-,1176,DICE,東京都,2304,DICE,東京都,3123,DINASO,東京都,0,,-
EPOLIS,NEEDLESS MY LOVE FOR YOU,0,,-,1016,DICE,東京都,1654,DICE,東京都,2447,INARI,東京都,0,,-
EPOLIS,My Sweet Bird?,0,,-,854,YANO.Y,東京都,1533,DICE,東京都,2212,DINASO,東京都,0,,-
EPOLIS,Mukade,0,,-,1141,DICE,東京都,1911,DICE,東京都,3267,DINASO,東京都,0,,-
EPOLIS,Monkey Business,0,,-,721,ATS,東京都,1583,DICE,東京都,2615,DINASO,東京都,0,,-
EPOLIS,Million Dollar,0,,-,1187,DICE,東京都,2033,DICE,東京都,3473,DINASO,東京都,0,,-
EPOLIS,MAXIMUM CHEAT GIRL,0,,-,1255,LEONE,東京都,2250,DICE,東京都,3629,DINASO,東京都,0,,-
EPOLIS,Level 5,0,,-,1348,DICE,東京都,2463,DICE,東京都,3684,EXIT,東京都,0,,-
EPOLIS,JUSTICE/GUILTY feat. Nana Takahashi & 709sec.,0,,-,1764,PICO,東京都,2514,PICO,東京都,3897,DINASO,東京都,0,,-
EPOLIS,Just Gimme,0,,-,970,04*,東京都,1733,-DO96-,東京都,2776,DINASO,東京都,0,,-
EPOLIS,Jumper,0,,-,916,PICO,東京都,1525,PICO,東京都,2422,NIKE.,東京都,0,,-
EPOLIS,Iris,0,,-,842,04*,東京都,1548,DICE,東京都,2218,DINASO,東京都,0,,-
EPOLIS,INHERITANCE,0,,-,1101,DICE,東京都,1821,1048,東京都,2855,DINASO,東京都,0,,-
EPOLIS,i-ii,0,,-,1101,405,東京都,1803,DICE,東京都,2956,MIKAMO,東京都,0,,-
EPOLIS,Hat Surprise (Season 3),0,,-,1252,P-TAN,東京都,2198,DICE,東京都,2750,1048,東京都,0,,-
EPOLIS,Hard Breaker,0,,-,781,DICE,東京都,1579,*SHO5*,東京都,2561,MIKAMO,東京都,0,,-
EPOLIS,GLORIOUS HAMMER,0,,-,1110,MEW,東京都,1964,DICE,東京都,3158,DINASO,東京都,0,,-
EPOLIS,GloriosA,0,,-,1243,PICO,東京都,2022,PICO,東京都,2865,DINASO,東京都,0,,-
EPOLIS,Glitch N Ride,0,,-,897,F.KTN,東京都,1591,DICE,東京都,2701,MIKAMO,東京都,0,,-
EPOLIS,Ghost Pulse,0,,-,1074,PICO,東京都,1700,PICO,東京都,2809,DINASO,東京都,0,,-
EPOLIS,Get Wicked,0,,-,904,DICE,東京都,1482,DICE,東京都,2498,1048,東京都,0,,-
EPOLIS,Get Higher,0,,-,992,PICO,東京都,1772,PICO,東京都,2337,NIKE.,東京都,0,,-
EPOLIS,GAME ON,0,,-,1391,PICO,東京都,2272,PICO,東京都,2742,MIKAMO,東京都,0,,-
EPOLIS,frequent,0,,-,1330,04*,東京都,2338,DICE,東京都,3771,MEG*,東京都,0,,-
EPOLIS,Echoes of Sunfall,0,,-,1041,04*,東京都,1667,DICE,東京都,3008,DINASO,東京都,0,,-
EPOLIS,Demon March,0,,-,1494,LEONE,東京都,2388,DICE,東京都,3696,MEG*,東京都,0,,-
EPOLIS,Deep Sea Mystery,0,,-,1134,PICO,東京都,1496,PICO,東京都,1987,DINASO,東京都,0,,-
EPOLIS,DAZZLE ATTACK,0,,-,988,04*,東京都,1685,DICE,東京都,2862,DINASO,東京都,0,,-
EPOLIS,Dahlia,0,,-,1328,PICO,東京都,2158,DICE,東京都,3195,MIKAMO,東京都,0,,-
EPOLIS,Cult Invitation,0,,-,1232,TETU,東京都,1952,DICE,東京都,3534,DINASO,東京都,0,,-
EPOLIS,COUNTING SHEEP ft. Kanae Asaba,0,,-,678,04*,東京都,1316,*SHO5*,東京都,2227,1048,東京都,0,,-
EPOLIS,CODE:2,0,,-,1091,DICE,東京都,1801,DICE,東京都,2967,1048,東京都,0,,-
EPOLIS,Chemical Colours,0,,-,1052,PICO,東京都,2065,PICO,東京都,2817,DINASO,東京都,0,,-
EPOLIS,CADENZA,0,,-,1537,LEONE,東京都,2513,DICE,東京都,4620,MIKAMO,東京都,0,,-
EPOLIS,BLAZING_LAZER,0,,-,1250,DICE,東京都,2153,DICE,東京都,3450,MIKAMO,東京都,0,,-
EPOLIS,Bitter & Lucky,0,,-,886,PICO,東京都,1406,PICO,東京都,2558,NIKE.,東京都,0,,-
EPOLIS,Amethyst,0,,-,1327,DICE,東京都,1851,DICE,東京都,2636,DINASO,東京都,0,,-
EPOLIS,Ambivalent Vermilia,0,,-,1557,DICE,東京都,2443,DICE,東京都,4161,MIKAMO,東京都,0,,-
EPOLIS,Akatsuki,0,,-,1017,ATS,東京都,1577,DICE,東京都,2269,MIKAMO,東京都,0,,-
EPOLIS,Aeterna,0,,-,996,DICE,東京都,1592,DICE,東京都,2570,DINASO,東京都,0,,-
EPOLIS,ACT0,0,,-,1278,LEONE,東京都,2210,DICE,東京都,3040,MIKAMO,東京都,0,,-
EPOLIS,20XX,0,,-,1222,PICO,東京都,1835,PICO,東京都,2727,DINASO,東京都,0,,-